2 0.96015625 0.471875 0.0734375 0.065625
2 0.67265625 0.7625 0.14296875 0.153125
2 0.14453125 0.29140625 0.03828125 0.05390625
2 0.28515625 0.41953125 0.0546875 0.05625
2 0.56875 0.50546875 0.0828125 0.059375
4 0.18671875 0.3359375 0.0578125 0.09296875
2 0.18828125 0.246875 0.028125 0.03515625
2 0.16171875 0.41875 0.0453125 0.07421875
2 0.22109375 0.40390625 0.04921875 0.0625
2 0.65703125 0.48359375 0.07421875 0.0609375
2 0.7328125 0.503125 0.09375 0.07421875
2 0.81796875 0.4515625 0.09453125 0.06171875