2 0.78828125 0.83828125 0.13828125 0.1390625
2 0.8875 0.44609375 0.07578125 0.05703125
2 0.6875 0.45078125 0.09296875 0.0703125
2 0.95546875 0.48515625 0.0796875 0.06015625
2 0.97734375 0.42265625 0.04453125 0.0640625
2 0.76953125 0.50703125 0.09140625 0.11484375
2 0.13671875 0.2828125 0.034375 0.0453125
2 0.05234375 0.10390625 0.0203125 0.01875
2 0.1 0.15078125 0.0203125 0.0234375
2 0.0953125 0.22734375 0.02578125 0.04375
2 0.07734375 0.13125 0.01953125 0.0234375
2 0.1890625 0.20234375 0.02890625 0.02578125