2 0.48125 0.56875 0.0953125 0.06640625
2 0.50625 0.49453125 0.08203125 0.05234375
2 0.5703125 0.75 0.1171875 0.12890625
1 0.10703125 0.61796875 0.20546875 0.15859375
2 0.6515625 0.7265625 0.0984375 0.10859375
2 0.17734375 0.43515625 0.05390625 0.0609375
2 0.62109375 0.5 0.096875 0.0671875
2 0.15625 0.315625 0.04375 0.05625
2 0.2625 0.5296875 0.0875 0.078125
2 0.19921875 0.20859375 0.03125 0.03671875
2 0.76953125 0.46796875 0.0890625 0.06875
4 0.92578125 0.3640625 0.1484375 0.128125
2 0.290625 0.4109375 0.04609375 0.059375