2 0.14296875 0.28984375 0.0375 0.05234375
2 0.89140625 0.49140625 0.08359375 0.06015625
2 0.67265625 0.7625 0.14140625 0.15234375
2 0.28515625 0.41953125 0.05390625 0.05625
4 0.1875 0.3375 0.05625 0.0921875
2 0.1625 0.41953125 0.04296875 0.07109375
2 0.559375 0.50625 0.06484375 0.0609375
2 0.19765625 0.2078125 0.03203125 0.0296875
2 0.63203125 0.51875 0.109375 0.0859375
2 0.22109375 0.40234375 0.04921875 0.0640625
2 0.671875 0.47890625 0.08984375 0.04140625
2 0.82890625 0.44921875 0.10390625 0.059375