2 0.6953125 0.78203125 0.10703125 0.10625
2 0.909375 0.4171875 0.08046875 0.0609375
2 0.31171875 0.509375 0.103125 0.09453125
2 0.2359375 0.41875 0.03828125 0.07890625
2 0.64609375 0.459375 0.0921875 0.0609375
2 0.08359375 0.13515625 0.0203125 0.02421875
2 0.18984375 0.36484375 0.0390625 0.0609375
2 0.165625 0.31875 0.0359375 0.0546875
2 0.18125 0.2921875 0.0328125 0.0390625
2 0.03125 0.08359375 0.01484375 0.01875
2 0.1890625 0.20234375 0.02890625 0.02578125
2 0.175 0.3 0.0390625 0.05703125
2 0.00546875 0.05390625 0.0109375 0.0171875