2 0.5125 0.82109375 0.12578125 0.17578125
2 0.621875 0.7171875 0.09921875 0.0984375
2 0.30859375 0.5265625 0.05625 0.06875
2 0.66640625 0.4578125 0.08359375 0.0640625
2 0.19765625 0.3828125 0.03984375 0.06328125
2 0.3703125 0.4359375 0.05234375 0.04765625
2 0.15234375 0.3046875 0.04140625 0.053125
2 0.08515625 0.5203125 0.09609375 0.1046875
2 0.7203125 0.47890625 0.0796875 0.06171875
2 0.0296875 0.7296875 0.05859375 0.075
2 0.1984375 0.20703125 0.03125 0.03671875
2 0.78671875 0.446875 0.07421875 0.05234375
4 0.29296875 0.38671875 0.0671875 0.15078125
2 0.54296875 0.7 0.0671875 0.0625