2 0.6390625 0.7328125 0.11171875 0.11328125
2 0.76640625 0.86640625 0.12890625 0.125
2 0.27265625 0.52265625 0.1015625 0.0859375
2 0.6203125 0.46953125 0.07890625 0.05703125
2 0.121875 0.60546875 0.11640625 0.075
2 0.7234375 0.5203125 0.0796875 0.06015625
2 0.19921875 0.20625 0.03359375 0.034375
2 0.6828125 0.48515625 0.0890625 0.06796875
2 0.8890625 0.41484375 0.09140625 0.05390625
4 0.0703125 0.103125 0.0421875 0.0625
2 0.8625 0.4515625 0.071875 0.05546875
2 0.178125 0.32734375 0.0328125 0.046875
2 0.17421875 0.63046875 0.0875 0.0875
2 0.24140625 0.415625 0.03671875 0.07109375