2 0.18125 0.34609375 0.04765625 0.0640625
2 0.5296875 0.52421875 0.0953125 0.08125
2 0.57578125 0.76171875 0.09765625 0.1109375
2 0.43203125 0.83984375 0.08515625 0.17890625
2 0.68359375 0.44921875 0.0921875 0.078125
2 0.09609375 0.22578125 0.0265625 0.04453125
2 0.034375 0.5640625 0.06796875 0.1015625
2 0.82890625 0.453125 0.07578125 0.06328125
2 0.07265625 0.19609375 0.02421875 0.02890625
2 0.45234375 0.484375 0.08046875 0.084375
2 0.1875 0.19921875 0.028125 0.02578125
2 0.221875 0.409375 0.03671875 0.0671875