2 0.14453125 0.54765625 0.1453125 0.1203125
2 0.5703125 0.75 0.1171875 0.1296875
2 0.4328125 0.61875 0.07734375 0.12265625
2 0.65078125 0.7265625 0.0984375 0.1078125
2 0.17578125 0.434375 0.05390625 0.0609375
2 0.246875 0.359375 0.0484375 0.06015625
2 0.16484375 0.32734375 0.046875 0.05703125
2 0.290625 0.4109375 0.046875 0.06015625
2 0.8578125 0.41953125 0.07265625 0.05546875
2 0.02265625 0.73515625 0.04140625 0.08515625
2 0.19921875 0.2078125 0.03046875 0.0375
2 0.60546875 0.5109375 0.0796875 0.06328125
2 0.2078125 0.38203125 0.059375 0.06953125
2 0.60234375 0.4671875 0.07734375 0.04609375