2 0.74765625 0.85859375 0.1265625 0.12421875
2 0.628125 0.715625 0.0859375 0.09140625
2 0.14140625 0.56171875 0.10703125 0.07265625
2 0.146875 0.3078125 0.028125 0.0390625
2 0.48125 0.49609375 0.07578125 0.05625
2 0.11015625 0.259375 0.03515625 0.03515625
2 0.74453125 0.475 0.10234375 0.06171875
2 0.196875 0.20703125 0.0328125 0.03203125
2 0.24921875 0.60703125 0.11875 0.07734375
2 0.84140625 0.85078125 0.04140625 0.0515625
4 0.2734375 0.36796875 0.06015625 0.15078125
2 0.20390625 0.384375 0.04765625 0.075