2 0.3609375 0.7453125 0.14453125 0.1421875
2 0.6140625 0.79609375 0.12265625 0.1375
2 0.08515625 0.13359375 0.01953125 0.025
2 0.65 0.721875 0.09921875 0.0984375
2 0.7171875 0.47734375 0.0921875 0.07265625
2 0.865625 0.45 0.09609375 0.0765625
2 0.1984375 0.2078125 0.03046875 0.03671875
2 0.16640625 0.41875 0.04453125 0.06171875
2 0.64140625 0.46796875 0.07890625 0.06171875
2 0.1515625 0.625 0.1203125 0.10390625
2 0.046875 0.09921875 0.01484375 0.01640625
2 0.2890625 0.41484375 0.0640625 0.059375
2 0.7953125 0.4453125 0.0640625 0.05703125