2 0.67265625 0.7625 0.1421875 0.153125
2 0.53359375 0.5140625 0.08046875 0.05859375
2 0.8515625 0.4953125 0.0640625 0.05703125
2 0.2875 0.41796875 0.04921875 0.05546875
4 0.1875 0.33515625 0.0578125 0.0953125
2 0.3265625 0.578125 0.13203125 0.09921875
2 0.16328125 0.41875 0.0421875 0.075
2 0.65859375 0.4875 0.0703125 0.05390625
2 0.103125 0.17578125 0.0265625 0.03046875
2 0.19765625 0.20859375 0.0296875 0.02890625
4 0.1453125 0.290625 0.0375 0.05234375
2 0.2203125 0.4 0.05078125 0.06875
2 0.79765625 0.45546875 0.09609375 0.08203125