2 0.046875 0.653125 0.09375 0.08203125
2 0.70625 0.48125 0.07734375 0.0625
2 0.5703125 0.44296875 0.0796875 0.05625
2 0.94296875 0.43828125 0.075 0.05390625
2 0.86875 0.496875 0.1109375 0.07265625
2 0.86484375 0.92109375 0.14296875 0.07265625
2 0.89765625 0.4140625 0.075 0.04140625
4 0.1234375 0.253125 0.0765625 0.1390625
2 0.1984375 0.2078125 0.03125 0.03515625
2 0.803125 0.44609375 0.10859375 0.05625
2 0.71875 0.91640625 0.1703125 0.08203125
2 0.103125 0.15390625 0.01953125 0.02265625
2 0.84140625 0.84765625 0.04296875 0.040625
2 0.28125 0.39296875 0.059375 0.090625