2 0.5609375 0.8890625 0.14765625 0.13203125
2 0.59296875 0.775 0.12109375 0.1375
2 0.65 0.72421875 0.1015625 0.10234375
2 0.69140625 0.47890625 0.0953125 0.0796875
2 0.5296875 0.48984375 0.07890625 0.05859375
2 0.17578125 0.434375 0.053125 0.0609375
2 0.3921875 0.58125 0.1296875 0.09921875
2 0.73359375 0.4484375 0.05703125 0.05078125
2 0.85625 0.4515625 0.08359375 0.0703125
2 0.28984375 0.4109375 0.04765625 0.059375
2 0.0609375 0.1109375 0.02109375 0.0234375
2 0.1984375 0.2078125 0.03203125 0.03828125