2 0.11796875 0.60234375 0.11484375 0.0765625
2 0.6390625 0.7328125 0.11171875 0.11484375
2 0.7671875 0.86640625 0.1296875 0.125
2 0.4734375 0.56953125 0.09453125 0.07109375
2 0.41328125 0.5 0.08984375 0.0640625
2 0.671875 0.48828125 0.08984375 0.06796875
2 0.97734375 0.4609375 0.04453125 0.0640625
2 0.19921875 0.20625 0.0328125 0.03359375
2 0.1921875 0.3421875 0.0328125 0.06328125
2 0.8296875 0.4578125 0.0859375 0.05859375
2 0.7515625 0.4453125 0.09609375 0.0671875
2 0.24140625 0.41796875 0.03671875 0.06328125