2 0.584375 0.5 0.08046875 0.0734375
2 0.7203125 0.67421875 0.0859375 0.09765625
2 0.46171875 0.5703125 0.09765625 0.0828125
2 0.16953125 0.271875 0.0390625 0.05078125
2 0.16875 0.45859375 0.04140625 0.06640625
2 0.73046875 0.82734375 0.14453125 0.16796875
2 0.2375 0.4140625 0.04453125 0.07421875
2 0.921875 0.96953125 0.15546875 0.05703125
2 0.02109375 0.67109375 0.0390625 0.08359375
2 0.18828125 0.2 0.028125 0.0265625
2 0.35 0.45390625 0.0328125 0.07421875
2 0.7296875 0.46640625 0.06875 0.05859375
2 0.7828125 0.4953125 0.09375 0.06796875