2 0.89296875 0.4390625 0.09453125 0.0609375
2 0.52890625 0.55078125 0.08984375 0.07578125
2 0.2859375 0.4203125 0.05078125 0.05625
2 0.040625 0.653125 0.08125 0.10859375
2 0.1625 0.421875 0.04453125 0.0578125
2 0.68203125 0.77109375 0.1375 0.14921875
2 0.196875 0.20703125 0.03203125 0.03203125
2 0.06171875 0.17578125 0.021875 0.03203125
2 0.64765625 0.49453125 0.0765625 0.06015625
2 0.27734375 0.265625 0.0359375 0.0328125
2 0.18125 0.33046875 0.06015625 0.1
2 0.75703125 0.47109375 0.08203125 0.0546875
2 0.2 0.57109375 0.11796875 0.0828125
2 0.22109375 0.40078125 0.04921875 0.07421875