2 0.74140625 0.853125 0.12109375 0.1234375
2 0.34609375 0.5953125 0.09765625 0.0703125
2 0.06484375 0.66328125 0.1296875 0.0875
2 0.62890625 0.715625 0.0875 0.09140625
2 0.68359375 0.52734375 0.08984375 0.065625
2 0.1375 0.29375 0.03203125 0.04296875
2 0.18203125 0.3484375 0.03984375 0.0484375
2 0.1578125 0.20625 0.0296875 0.03828125
2 0.7515625 0.475 0.0921875 0.05859375
2 0.09765625 0.22734375 0.028125 0.0390625
2 0.1984375 0.2078125 0.0328125 0.0328125
2 0.046875 0.12578125 0.01640625 0.01875
4 0.27109375 0.3609375 0.07578125 0.1859375