2 0.28125 0.6046875 0.090625 0.078125
2 0.89296875 0.4390625 0.09375 0.0609375
2 0.2859375 0.4203125 0.0515625 0.05546875
2 0.2796875 0.51796875 0.09453125 0.06640625
2 0.16171875 0.42109375 0.0421875 0.05234375
2 0.67421875 0.48671875 0.06953125 0.05703125
2 0.0328125 0.61796875 0.065625 0.07890625
4 0.16796875 0.3140625 0.0578125 0.0890625
2 0.196875 0.2078125 0.03046875 0.03125
2 0.93125 0.7171875 0.03046875 0.05
2 0.2125 0.396875 0.03984375 0.06875
2 0.76640625 0.4671875 0.07734375 0.059375
2 0.746875 0.828125 0.1671875 0.1953125