2 0.0640625 0.6640625 0.12421875 0.0890625
2 0.6390625 0.73359375 0.1125 0.11484375
2 0.76640625 0.86640625 0.1296875 0.125
2 0.1203125 0.6 0.1140625 0.06953125
2 0.5953125 0.5484375 0.0984375 0.06796875
2 0.940625 0.4109375 0.09140625 0.05546875
2 0.87578125 0.44921875 0.0671875 0.05859375
2 0.3984375 0.50078125 0.08671875 0.0671875
2 0.19921875 0.20546875 0.0328125 0.034375
4 0.08125 0.1171875 0.04375 0.065625
2 0.16640625 0.3171875 0.03515625 0.0453125
2 0.6921875 0.4796875 0.09453125 0.065625
2 0.240625 0.41796875 0.0359375 0.06953125