2 0.95546875 0.43046875 0.08671875 0.06953125
2 0.3078125 0.6 0.1 0.0890625
2 0.68203125 0.490625 0.08125 0.0640625
2 0.1765625 0.3375 0.04453125 0.06015625
2 0.16015625 0.4265625 0.05078125 0.07109375
2 0.84609375 0.4578125 0.0453125 0.05
2 0.7515625 0.4484375 0.07265625 0.05703125
2 0.234375 0.409375 0.0390625 0.06875
2 0.1078125 0.24453125 0.03203125 0.046875
2 0.18828125 0.20078125 0.0265625 0.025
2 0.04296875 0.09375 0.01796875 0.02109375
2 0.06328125 0.18125 0.0265625 0.0359375
2 0.5140625 0.4796875 0.10625 0.07734375