2 0.7109375 0.48203125 0.07734375 0.05625
2 0.9421875 0.43828125 0.0765625 0.053125
2 0.271875 0.590625 0.06484375 0.1109375
2 0.07578125 0.14453125 0.02421875 0.02421875
2 0.90078125 0.415625 0.0796875 0.046875
2 0.825 0.45078125 0.12734375 0.06796875
2 0.19765625 0.209375 0.03046875 0.02890625
2 0.69296875 0.4484375 0.103125 0.065625
2 0.61640625 0.44296875 0.075 0.05859375
2 0.775 0.85390625 0.1703125 0.1765625
2 0.096875 0.2203125 0.0296875 0.03046875
2 0.171875 0.271875 0.04765625 0.07734375
2 0.31484375 0.4375 0.06875 0.071875