2 0.32890625 0.5578125 0.05703125 0.07421875
2 0.57109375 0.87421875 0.14609375 0.15703125
2 0.05390625 0.53046875 0.103125 0.11328125
2 0.58828125 0.6796875 0.09609375 0.08984375
2 0.6671875 0.4546875 0.08359375 0.0609375
2 0.1515625 0.309375 0.040625 0.0578125
2 0.71796875 0.4796875 0.07890625 0.059375
2 0.78671875 0.44609375 0.07421875 0.05078125
2 0.1984375 0.20703125 0.03125 0.03671875
2 0.1171875 0.2671875 0.03125 0.04140625
2 0.0296875 0.7296875 0.05859375 0.07421875
4 0.2953125 0.4 0.0734375 0.1703125
2 0.2 0.39296875 0.046875 0.0625
2 0.35 0.41171875 0.04140625 0.05390625