2 0.81953125 0.79140625 0.1546875 0.15859375
2 0.15234375 0.59375 0.115625 0.08515625
2 0.80234375 0.9171875 0.1296875 0.14765625
2 0.66015625 0.7484375 0.11015625 0.11171875
2 0.70703125 0.67578125 0.0953125 0.09453125
2 0.8578125 0.453125 0.0859375 0.06328125
2 0.728125 0.478125 0.07890625 0.06328125
2 0.12265625 0.27109375 0.03046875 0.034375
2 0.1625 0.434375 0.04765625 0.06640625
2 0.18671875 0.20078125 0.0265625 0.02578125
2 0.61640625 0.46015625 0.08125 0.06875
3 0.62421875 0.5390625 0.05078125 0.0640625