2 0.6390625 0.83203125 0.13359375 0.15390625
2 0.65078125 0.7234375 0.1015625 0.10078125
2 0.053125 0.63828125 0.10234375 0.11875
2 0.10078125 0.1515625 0.02109375 0.02421875
2 0.734375 0.478125 0.08359375 0.0609375
2 0.15625 0.40078125 0.04765625 0.06640625
2 0.21875 0.6890625 0.153125 0.1171875
2 0.2 0.20546875 0.03125 0.0359375
2 0.87265625 0.4453125 0.10078125 0.07578125
2 0.05859375 0.1125 0.01640625 0.01875
2 0.71015625 0.459375 0.1125 0.05703125
2 0.2859375 0.415625 0.059375 0.0765625
2 0.80390625 0.43984375 0.05625 0.05625