2 0.04375 0.6625 0.0875 0.08984375
2 0.421875 0.56953125 0.11953125 0.09453125
2 0.6734375 0.76328125 0.1390625 0.153125
2 0.9296875 0.4765625 0.07265625 0.059375
2 0.89296875 0.4390625 0.09375 0.0609375
2 0.2859375 0.4203125 0.05546875 0.05703125
4 0.1875 0.33515625 0.05703125 0.09453125
2 0.3703125 0.453125 0.0375 0.0703125
2 0.6203125 0.49921875 0.07890625 0.05390625
2 0.096875 0.22578125 0.034375 0.0515625
2 0.1609375 0.41875 0.04296875 0.059375
2 0.196875 0.20703125 0.03046875 0.03203125
2 0.2765625 0.2640625 0.0375 0.034375
2 0.734375 0.478125 0.075 0.053125
2 0.2234375 0.39765625 0.05078125 0.06171875