2 0.85625 0.91640625 0.13359375 0.075
2 0.7109375 0.48203125 0.07734375 0.05546875
2 0.94140625 0.43828125 0.07734375 0.053125
2 0.24765625 0.53984375 0.05859375 0.1015625
2 0.0796875 0.1484375 0.02421875 0.02265625
2 0.825 0.45078125 0.12734375 0.06796875
2 0.1984375 0.20703125 0.03125 0.03515625
2 0.615625 0.44296875 0.07578125 0.05859375
2 0.69296875 0.4484375 0.10234375 0.06484375
2 0.9 0.415625 0.08046875 0.04609375
2 0.31171875 0.4375 0.059375 0.0703125
2 0.16484375 0.26484375 0.04921875 0.07890625