2 0.740625 0.85234375 0.121875 0.125
2 0.49140625 0.84140625 0.1 0.18046875
2 0.7359375 0.69765625 0.1046875 0.096875
2 0.63125 0.715625 0.084375 0.090625
2 0.6796875 0.45546875 0.0828125 0.06484375
2 0.15859375 0.32578125 0.03515625 0.0453125
2 0.1359375 0.2796875 0.03125 0.04609375
2 0.1984375 0.2078125 0.03359375 0.03203125
4 0.2828125 0.375 0.0546875 0.12109375
2 0.2171875 0.4078125 0.0546875 0.08828125
2 0.16953125 0.44140625 0.059375 0.10234375
2 0.1234375 0.38125 0.040625 0.075
2 0.18125 0.35546875 0.0296875 0.06640625