2 0.34609375 0.5875 0.06171875 0.08203125
2 0.55859375 0.64375 0.09140625 0.08984375
2 0.86171875 0.9265625 0.12734375 0.0625
2 0.7140625 0.48046875 0.07578125 0.05859375
2 0.66875 0.4578125 0.08515625 0.0640625
2 0.1578125 0.3140625 0.040625 0.05625
2 0.03515625 0.53984375 0.0703125 0.0828125
2 0.79140625 0.44765625 0.06875 0.05078125
2 0.7109375 0.92109375 0.13203125 0.07265625
2 0.63359375 0.9203125 0.0953125 0.07109375
2 0.1984375 0.20703125 0.03125 0.03671875
2 0.0296875 0.728125 0.059375 0.071875
4 0.2953125 0.40234375 0.07578125 0.15
2 0.20859375 0.40234375 0.040625 0.07265625