2 0.384375 0.62578125 0.0796875 0.1109375
4 0.22578125 0.3890625 0.065625 0.1046875
2 0.1546875 0.3046875 0.04609375 0.05546875
2 0.84296875 0.4359375 0.0484375 0.05
2 0.69921875 0.4578125 0.08046875 0.05234375
2 0.4109375 0.47578125 0.0671875 0.0828125
2 0.196875 0.20703125 0.0296875 0.03046875
2 0.36953125 0.4984375 0.05625 0.07265625
2 0.2765625 0.26484375 0.03984375 0.03359375
2 0.93125 0.7171875 0.03046875 0.05078125
2 0.15078125 0.403125 0.04453125 0.06640625
2 0.18828125 0.46640625 0.046875 0.07734375