2 0.73359375 0.8296875 0.115625 0.11953125
2 0.940625 0.4109375 0.0765625 0.05546875
2 0.23515625 0.41875 0.0390625 0.0828125
2 0.71953125 0.4546875 0.09140625 0.06328125
2 0.09921875 0.1515625 0.02109375 0.025
2 0.44609375 0.4890625 0.09296875 0.0859375
2 0.159375 0.31328125 0.0375 0.04765625
2 0.15390625 0.27109375 0.03359375 0.0359375
2 0.0609375 0.1765625 0.0203125 0.028125
2 0.1890625 0.36328125 0.03984375 0.059375
2 0.18828125 0.2 0.0265625 0.025
2 0.80546875 0.42734375 0.01640625 0.02265625