2 0.67265625 0.7625 0.1421875 0.15390625
2 0.415625 0.5546875 0.07890625 0.08046875
2 0.2859375 0.4203125 0.05390625 0.05625
2 0.6078125 0.49765625 0.08671875 0.0578125
4 0.18203125 0.33203125 0.06640625 0.1015625
2 0.16328125 0.41875 0.040625 0.0734375
2 0.07421875 0.1484375 0.0203125 0.021875
2 0.196875 0.2078125 0.03046875 0.03046875
2 0.2765625 0.26328125 0.0359375 0.03515625
2 0.2203125 0.4015625 0.053125 0.06640625
2 0.77265625 0.50234375 0.08515625 0.07109375
2 0.79296875 0.45625 0.1 0.059375