2 0.57421875 0.75 0.11796875 0.13125
2 0.103125 0.56328125 0.11796875 0.08125
2 0.4796875 0.4921875 0.0765625 0.0625
2 0.6515625 0.72578125 0.10078125 0.10625
2 0.17734375 0.43515625 0.05234375 0.0609375
2 0.63515625 0.49609375 0.08671875 0.06796875
2 0.24921875 0.61328125 0.1125 0.06796875
2 0.68515625 0.465625 0.065625 0.046875
2 0.1359375 0.29375 0.03359375 0.034375
2 0.1984375 0.2078125 0.03125 0.0359375
2 0.28984375 0.4109375 0.046875 0.059375
2 0.13515625 0.28125 0.03671875 0.05078125
2 0.81484375 0.490625 0.125 0.0640625