2 0.33125 0.71171875 0.134375 0.12421875
2 0.540625 0.51953125 0.09140625 0.075
2 0.50703125 0.68671875 0.09609375 0.08984375
2 0.1296875 0.5609375 0.13359375 0.1
2 0.8078125 0.45078125 0.09375 0.07265625
2 0.10078125 0.1546875 0.021875 0.02421875
2 0.98359375 0.46796875 0.0328125 0.0578125
2 0.22578125 0.27265625 0.03828125 0.0453125
2 0.1984375 0.2078125 0.03046875 0.03671875
2 0.07890625 0.12734375 0.01640625 0.0171875
4 0.26328125 0.36484375 0.07890625 0.1234375
4 0.9234375 0.3765625 0.14921875 0.07265625