4 0.4375 0.678125 0.12109375 0.21171875
2 0.3921875 0.84296875 0.09453125 0.140625
2 0.65078125 0.86015625 0.1171875 0.13515625
2 0.9734375 0.47734375 0.04921875 0.05078125
2 0.1640625 0.321875 0.03515625 0.05
2 0.2703125 0.45859375 0.0609375 0.0859375
2 0.69921875 0.45859375 0.0796875 0.0515625
2 0.19609375 0.25234375 0.03671875 0.03984375
2 0.27734375 0.26328125 0.03984375 0.03515625
2 0.19765625 0.20703125 0.03125 0.03046875
2 0.80625 0.46171875 0.08671875 0.07109375
2 0.8109375 0.42890625 0.065625 0.04453125