2 0.740625 0.85234375 0.121875 0.12421875
2 0.62890625 0.7171875 0.0859375 0.0890625
2 0.71796875 0.6734375 0.0921875 0.0921875
2 0.66875 0.45703125 0.08125 0.06171875
2 0.1578125 0.32265625 0.03359375 0.04453125
2 0.13671875 0.2953125 0.03046875 0.02890625
2 0.1984375 0.20703125 0.0328125 0.03359375
2 0.1359375 0.28046875 0.03125 0.046875
2 0.190625 0.36015625 0.04140625 0.04609375
4 0.278125 0.37578125 0.06015625 0.13125
2 0.221875 0.40859375 0.046875 0.08515625
2 0.16875 0.4390625 0.053125 0.08984375