2 0.89296875 0.43984375 0.0953125 0.0625
2 0.671875 0.76171875 0.1359375 0.15390625
2 0.2859375 0.4203125 0.05078125 0.05625
2 0.16015625 0.4171875 0.03828125 0.06328125
2 0.19609375 0.2078125 0.0296875 0.03046875
2 0.2765625 0.2640625 0.03671875 0.03515625
4 0.18671875 0.3328125 0.05703125 0.09375
2 0.20390625 0.6109375 0.13828125 0.1078125
2 0.32265625 0.51640625 0.0890625 0.096875
2 0.63671875 0.4984375 0.09609375 0.06484375
2 0.74609375 0.471875 0.0828125 0.0484375
2 0.73125 0.51484375 0.08359375 0.06484375
2 0.22109375 0.40234375 0.0546875 0.06875