2 0.98203125 0.4609375 0.034375 0.059375
2 0.671875 0.7625 0.14140625 0.1546875
2 0.2859375 0.4203125 0.0515625 0.05625
4 0.1859375 0.33359375 0.06171875 0.0984375
2 0.1640625 0.41875 0.0390625 0.07421875
2 0.4765625 0.52421875 0.07734375 0.071875
2 0.196875 0.2078125 0.03046875 0.03046875
2 0.2765625 0.26328125 0.03671875 0.03515625
2 0.0859375 0.1578125 0.0203125 0.025
2 0.56640625 0.53671875 0.109375 0.08046875
2 0.6453125 0.48671875 0.078125 0.05078125
2 0.796875 0.45390625 0.1015625 0.05703125
2 0.22265625 0.403125 0.0484375 0.07421875