2 0.91875 0.48046875 0.08125 0.06796875
2 0.51640625 0.55234375 0.09609375 0.078125
2 0.1953125 0.30234375 0.04296875 0.05546875
2 0.7203125 0.675 0.08671875 0.0984375
2 0.0390625 0.56328125 0.078125 0.08359375
2 0.275 0.3359375 0.0421875 0.05
2 0.2359375 0.415625 0.046875 0.07109375
2 0.15390625 0.4140625 0.05 0.07421875
2 0.69453125 0.4796875 0.1015625 0.07578125
2 0.73046875 0.828125 0.14375 0.16875
2 0.91953125 0.96875 0.1578125 0.05859375
2 0.01796875 0.67578125 0.0328125 0.08046875
2 0.1875 0.19921875 0.028125 0.0265625
2 0.53515625 0.50078125 0.06875 0.0453125