2 0.484375 0.56015625 0.08125 0.10078125
2 0.95859375 0.47578125 0.07734375 0.06328125
2 0.7265625 0.48046875 0.07890625 0.05703125
2 0.1890625 0.35234375 0.0453125 0.06328125
2 0.88046875 0.44375 0.09296875 0.065625
2 0.3328125 0.5390625 0.0796875 0.0796875
2 0.725 0.70078125 0.10546875 0.10703125
4 0.109375 0.234375 0.04921875 0.07578125
2 0.11953125 0.59140625 0.14140625 0.10234375
2 0.234375 0.409375 0.0390625 0.065625
2 0.1890625 0.20234375 0.02890625 0.0265625
3 0.17890625 0.44375 0.03359375 0.06015625