2 0.38671875 0.6453125 0.0921875 0.1234375
2 0.7125 0.48125 0.075 0.06015625
2 0.66796875 0.45703125 0.084375 0.065625
2 0.14609375 0.3109375 0.03671875 0.05
2 0.0734375 0.128125 0.01796875 0.01796875
2 0.78984375 0.4484375 0.06875 0.0515625
2 0.03125 0.73125 0.06171875 0.075
2 0.1984375 0.20703125 0.03125 0.03828125
4 0.38359375 0.4609375 0.24453125 0.290625
2 0.10390625 0.24453125 0.03515625 0.0453125
2 0.190625 0.253125 0.0265625 0.03046875
2 0.11328125 0.17265625 0.02109375 0.0234375
2 0.22734375 0.42578125 0.0484375 0.08203125