2 0.57109375 0.75 0.11640625 0.1296875
2 0.31171875 0.6046875 0.12265625 0.07890625
2 0.43125 0.5 0.07890625 0.0625
2 0.6515625 0.725 0.10078125 0.10546875
2 0.034375 0.57578125 0.06875 0.0765625
2 0.1421875 0.29453125 0.0375 0.0515625
2 0.17734375 0.43515625 0.053125 0.0609375
2 0.628125 0.4890625 0.09453125 0.07265625
2 0.78828125 0.46171875 0.1015625 0.0640625
2 0.290625 0.41015625 0.046875 0.05859375
2 0.1984375 0.2078125 0.03046875 0.03671875
2 0.8890625 0.48515625 0.1 0.07109375
2 0.02890625 0.07890625 0.0171875 0.01953125