2 0.6 0.78203125 0.12578125 0.13515625
2 0.65 0.72265625 0.10078125 0.09921875
2 0.45 0.80859375 0.146875 0.153125
2 0.2859375 0.5953125 0.10234375 0.08359375
2 0.17265625 0.42890625 0.05078125 0.06015625
2 0.7046875 0.48515625 0.0859375 0.0625
2 0.5984375 0.47421875 0.0828125 0.0609375
2 0.07578125 0.12109375 0.01953125 0.0234375
2 0.8609375 0.453125 0.09296875 0.07578125
2 0.1984375 0.20703125 0.03203125 0.03671875
2 0.040625 0.09375 0.01328125 0.01484375
2 0.2890625 0.41875 0.05703125 0.06640625
2 0.77265625 0.44140625 0.05546875 0.07109375