2 0.14140625 0.28828125 0.0375 0.05
2 0.671875 0.7625 0.1390625 0.15625
2 0.2859375 0.41953125 0.053125 0.05703125
4 0.1875 0.33828125 0.0546875 0.090625
2 0.2140625 0.271875 0.034375 0.0375
2 0.1625 0.421875 0.04453125 0.06875
2 0.85078125 0.49609375 0.065625 0.078125
2 0.19765625 0.20703125 0.03046875 0.03046875
2 0.21875 0.40234375 0.04453125 0.075
2 0.5984375 0.53515625 0.0953125 0.0625
2 0.5578125 0.50234375 0.06484375 0.0546875
2 0.66953125 0.484375 0.08359375 0.0546875
2 0.83515625 0.44921875 0.09765625 0.059375