2 0.9171875 0.471875 0.09609375 0.07421875
2 0.18515625 0.28828125 0.04453125 0.0515625
2 0.7203125 0.675 0.08671875 0.0984375
2 0.340625 0.409375 0.04453125 0.06328125
2 0.23828125 0.415625 0.04453125 0.0734375
2 0.72890625 0.82734375 0.14140625 0.16796875
2 0.728125 0.4734375 0.103125 0.0734375
2 0.5703125 0.5 0.08046875 0.075
2 0.62578125 0.53828125 0.08828125 0.07265625
2 0.1609375 0.48046875 0.04453125 0.0734375
2 0.9203125 0.96796875 0.159375 0.0578125
2 0.1875 0.2 0.028125 0.02578125
2 0.14296875 0.38984375 0.03984375 0.0546875
2 0.1578125 0.63359375 0.10234375 0.1