2 0.696875 0.48046875 0.08203125 0.06015625
2 0.8953125 0.44921875 0.071875 0.05078125
2 0.21953125 0.22265625 0.0265625 0.025
2 0.7953125 0.4609375 0.0734375 0.05390625
2 0.1390625 0.19296875 0.02734375 0.0296875
2 0.196875 0.20625 0.02734375 0.03203125
2 0.06875 0.2421875 0.028125 0.034375
2 0.27109375 0.40390625 0.0625 0.07421875
2 0.34375 0.40859375 0.0515625 0.0609375
2 0.6890625 0.44296875 0.08359375 0.053125
2 0.78828125 0.42734375 0.075 0.059375
2 0.89296875 0.41328125 0.06953125 0.0515625