2 0.5296875 0.7078125 0.0890625 0.10546875
2 0.959375 0.471875 0.07578125 0.071875
2 0.859375 0.44765625 0.08046875 0.0703125
2 0.78515625 0.44140625 0.05625 0.05625
2 0.12578125 0.278125 0.0328125 0.03984375
2 0.09609375 0.22578125 0.0296875 0.04296875
2 0.1890625 0.2015625 0.02890625 0.0265625
3 0.16796875 0.4203125 0.01484375 0.065625
2 0.731597221875 0.5049382718750001 0.73819444375 0.491975309375 0.7395833328125 0.480864196875 0.7354166671875 0.454938271875 0.7142361109375 0.44444444375 0.7010416671875 0.4456790125 0.6829861109375 0.45432098749999994 0.6739583328125 0.46666666718750005 0.65625 0.4796296296875 0.6555555562500001 0.49691357968750005 0.65868055625 0.503703703125 0.6868055562500001 0.5154320984375 0.6954861109375 0.503703703125 0.718402778125 0.5 0.7239583328125 0.5074074078125 0.731597221875 0.5049382718750001
2 0.690625 0.4421875 0.09296875 0.0515625
3 0.07109375 0.54453125 0.06640625 0.06640625
3 0.1453125 0.359375 0.021875 0.059375