2 0.57734375 0.75390625 0.12734375 0.13828125
2 0.24921875 0.5359375 0.1 0.0765625
2 0.11953125 0.64375 0.12578125 0.08828125
2 0.6515625 0.725 0.10078125 0.10390625
2 0.6421875 0.4921875 0.0921875 0.06875
2 0.17734375 0.43515625 0.05234375 0.0609375
2 0.128125 0.275 0.03203125 0.0328125
2 0.28984375 0.4109375 0.04765625 0.05859375
2 0.81015625 0.46015625 0.0984375 0.0625
2 0.71796875 0.51875 0.09453125 0.0609375
2 0.1984375 0.2078125 0.03125 0.0359375
2 0.56484375 0.47890625 0.0765625 0.0640625
2 0.73203125 0.4515625 0.06953125 0.05078125