2 0.359375 0.5921875 0.10703125 0.07109375
2 0.5703125 0.74921875 0.1171875 0.13046875
2 0.38828125 0.50625 0.0796875 0.0640625
2 0.6515625 0.72578125 0.09921875 0.10625
2 0.62578125 0.49921875 0.0953125 0.0765625
2 0.784375 0.4625 0.10078125 0.075
2 0.1765625 0.43515625 0.053125 0.0609375
2 0.14375 0.3 0.03984375 0.0546875
2 0.28984375 0.41015625 0.04765625 0.059375
1 0.03203125 0.6390625 0.0640625 0.140625
2 0.1984375 0.2078125 0.03125 0.03671875
2 0.93359375 0.47109375 0.09296875 0.06328125
2 0.584375 0.47421875 0.04375 0.04765625