2 0.571875 0.88125 0.14140625 0.1484375
4 0.46640625 0.4703125 0.346875 0.26640625
2 0.7125 0.48203125 0.075 0.059375
2 0.66640625 0.45390625 0.08828125 0.06328125
2 0.0296875 0.7296875 0.059375 0.075
2 0.09140625 0.14609375 0.01953125 0.01953125
2 0.78984375 0.4484375 0.06953125 0.0515625
2 0.2 0.20546875 0.0328125 0.03515625
2 0.2796875 0.34140625 0.040625 0.04140625
2 0.178125 0.3546875 0.04609375 0.05859375
2 0.253125 0.3734375 0.05234375 0.0640625
2 0.30078125 0.528125 0.06953125 0.09296875