2 0.740625 0.85234375 0.12265625 0.125
2 0.4640625 0.7375 0.0703125 0.15
2 0.6296875 0.71484375 0.0875 0.090625
2 0.7390625 0.7 0.10859375 0.1046875
2 0.6890625 0.45390625 0.0859375 0.06328125
2 0.15859375 0.32578125 0.034375 0.04453125
2 0.1359375 0.28046875 0.03125 0.04609375
2 0.1984375 0.2078125 0.0328125 0.03203125
2 0.165625 0.43359375 0.0625 0.08515625
2 0.21953125 0.4015625 0.0546875 0.075
2 0.184375 0.36171875 0.0375 0.05390625
2 0.1234375 0.38359375 0.0375 0.07109375
4 0.28046875 0.36953125 0.05703125 0.1359375