2 0.95390625 0.47109375 0.07890625 0.05859375
2 0.67265625 0.7625 0.1421875 0.1546875
2 0.2875 0.41796875 0.04921875 0.05546875
2 0.49609375 0.55390625 0.1140625 0.07421875
4 0.1859375 0.334375 0.0609375 0.09765625
2 0.16328125 0.41953125 0.04140625 0.0734375
2 0.090625 0.16171875 0.02109375 0.028125
2 0.196875 0.2078125 0.0296875 0.03046875
2 0.2765625 0.2640625 0.0359375 0.034375
2 0.49765625 0.50859375 0.090625 0.04453125
2 0.6515625 0.4875 0.08515625 0.06875
2 0.79609375 0.4578125 0.09140625 0.07421875
2 0.22109375 0.40078125 0.05078125 0.0625