2 0.503125 0.86015625 0.14765625 0.1703125
2 0.64921875 0.72421875 0.10234375 0.1015625
2 0.56875 0.48046875 0.078125 0.059375
2 0.59609375 0.778125 0.121875 0.134375
2 0.7015625 0.48515625 0.0859375 0.0671875
2 0.175 0.43203125 0.0515625 0.0609375
2 0.33359375 0.59375 0.13359375 0.10234375
2 0.85390625 0.453125 0.09609375 0.07109375
2 0.0703125 0.11640625 0.021875 0.021875
2 0.28984375 0.4109375 0.04765625 0.059375
2 0.75703125 0.45234375 0.0625 0.0546875
2 0.19921875 0.20546875 0.0328125 0.03671875