2 0.67265625 0.7625 0.14296875 0.15390625
2 0.2859375 0.41953125 0.0515625 0.05625
2 0.721875 0.51953125 0.0953125 0.06640625
2 0.56015625 0.50859375 0.08515625 0.05859375
4 0.1875 0.33515625 0.05703125 0.0953125
2 0.1453125 0.29140625 0.0375 0.053125
2 0.115625 0.1859375 0.02578125 0.0296875
2 0.196875 0.20859375 0.0296875 0.0296875
2 0.1125 0.63125 0.15234375 0.11875
2 0.15859375 0.421875 0.04375 0.05234375
2 0.21796875 0.40234375 0.0453125 0.07265625
2 0.80234375 0.4578125 0.10078125 0.06328125