2 0.74140625 0.85234375 0.121875 0.125
2 0.63203125 0.715625 0.084375 0.090625
2 0.740625 0.70078125 0.10546875 0.0984375
2 0.45390625 0.6625 0.0609375 0.12421875
2 0.1609375 0.3265625 0.03828125 0.0484375
2 0.71640625 0.45234375 0.07890625 0.06015625
2 0.19765625 0.20703125 0.03359375 0.0328125
2 0.13515625 0.28046875 0.03203125 0.04609375
2 0.1359375 0.29296875 0.03046875 0.0328125
2 0.16953125 0.43515625 0.0609375 0.08046875
2 0.21875 0.4015625 0.05625 0.07734375
2 0.1875 0.3625 0.03125 0.0515625
2 0.1203125 0.37734375 0.0328125 0.0625
4 0.2796875 0.37109375 0.05859375 0.13359375