2 0.89296875 0.4390625 0.09453125 0.0609375
2 0.2859375 0.4203125 0.05078125 0.05625
2 0.02734375 0.5671875 0.0546875 0.0703125
2 0.1625 0.421875 0.04375 0.05703125
2 0.196875 0.20703125 0.03125 0.03203125
2 0.64921875 0.49375 0.078125 0.06015625
2 0.27734375 0.265625 0.0359375 0.03203125
4 0.18046875 0.328125 0.06015625 0.10234375
2 0.4875 0.56015625 0.09296875 0.07890625
2 0.76015625 0.4734375 0.078125 0.0546875
2 0.6890625 0.77421875 0.15 0.15390625
2 0.15703125 0.58359375 0.10625 0.08984375
2 0.21875 0.40078125 0.06015625 0.06484375