2 0.6796875 0.759375 0.1328125 0.14375
2 0.71328125 0.9171875 0.128125 0.0765625
2 0.49921875 0.56015625 0.09296875 0.065625
2 0.93828125 0.4390625 0.07265625 0.05390625
2 0.67578125 0.45546875 0.0734375 0.05
2 0.64140625 0.49375 0.07734375 0.05859375
2 0.85546875 0.42734375 0.06171875 0.0484375
2 0.1984375 0.2078125 0.03046875 0.034375
2 0.96953125 0.3984375 0.059375 0.046875
2 0.81875 0.45234375 0.0984375 0.06484375
2 0.05078125 0.10078125 0.015625 0.0171875
2 0.33515625 0.384375 0.0578125 0.04921875
2 0.27890625 0.39375 0.06953125 0.1046875
2 0.4859375 0.48515625 0.103125 0.0796875