2 0.51171875 0.56171875 0.08359375 0.10859375
2 0.3484375 0.40390625 0.0609375 0.06796875
2 0.7265625 0.6984375 0.09140625 0.1015625
2 0.15546875 0.41328125 0.04140625 0.0578125
2 0.4953125 0.7171875 0.06328125 0.1203125
2 0.840625 0.49765625 0.06171875 0.07109375
4 0.1515625 0.29609375 0.06328125 0.08515625
2 0.75078125 0.46875 0.075 0.06953125
2 0.190625 0.3546875 0.04296875 0.06015625
2 0.24765625 0.31015625 0.0359375 0.04140625
2 0.234375 0.409375 0.0375 0.065625
2 0.1875 0.2 0.028125 0.0265625
2 0.09296875 0.22734375 0.02109375 0.0359375
3 0.18046875 0.44921875 0.02578125 0.05859375