2 0.89453125 0.4390625 0.09140625 0.06015625
2 0.325 0.5875 0.128125 0.096875
2 0.8484375 0.49375 0.06171875 0.05546875
2 0.2859375 0.41953125 0.0515625 0.05546875
2 0.671875 0.76171875 0.13671875 0.15390625
2 0.1625 0.4265625 0.0421875 0.0453125
2 0.090625 0.2140625 0.028125 0.04609375
2 0.19609375 0.2078125 0.0296875 0.03046875
2 0.2765625 0.2640625 0.03671875 0.03359375
2 0.73515625 0.47578125 0.0703125 0.04921875
2 0.6359375 0.490625 0.07109375 0.04921875
4 0.1875 0.33203125 0.05625 0.09453125
2 0.35703125 0.4828125 0.0578125 0.06953125
2 0.21875 0.39921875 0.05234375 0.06171875