2 0.140625 0.2875 0.03671875 0.0515625
4 0.1875 0.3359375 0.0546875 0.09140625
4 0.67265625 0.7625 0.1390625 0.15546875
2 0.2859375 0.41953125 0.05390625 0.05703125
2 0.221875 0.278125 0.0390625 0.04375
2 0.16171875 0.4203125 0.0453125 0.07109375
2 0.19765625 0.2078125 0.0296875 0.03046875
2 0.6734375 0.4828125 0.078125 0.05234375
2 0.54609375 0.54453125 0.103125 0.07109375
2 0.56953125 0.50390625 0.08203125 0.04453125
2 0.78984375 0.509375 0.08515625 0.0625
2 0.84296875 0.446875 0.096875 0.06875
2 0.21875 0.39609375 0.0453125 0.0765625