2 0.41953125 0.57890625 0.1109375 0.0859375
2 0.63984375 0.73359375 0.1125 0.1140625
2 0.76640625 0.86640625 0.1296875 0.125
2 0.1125 0.60859375 0.115625 0.0796875
2 0.89375 0.446875 0.06796875 0.0546875
2 0.70625 0.48125 0.08828125 0.06640625
2 0.77265625 0.44609375 0.06640625 0.0578125
2 0.05546875 0.57734375 0.10546875 0.07578125
2 0.96953125 0.403125 0.0578125 0.0640625
2 0.19921875 0.20546875 0.0328125 0.03515625
2 0.53125 0.48359375 0.0828125 0.059375
2 0.15625 0.3015625 0.03203125 0.040625
4 0.09453125 0.13125 0.0453125 0.0734375
2 0.240625 0.41640625 0.03671875 0.06640625