2 0.7390625 0.8546875 0.1234375 0.125
2 0.6296875 0.7140625 0.0875 0.0921875
2 0.73359375 0.69609375 0.10625 0.0953125
2 0.67734375 0.45546875 0.08046875 0.0625
2 0.15859375 0.32578125 0.03515625 0.0453125
2 0.13515625 0.2796875 0.03203125 0.04609375
2 0.1984375 0.2078125 0.0328125 0.03203125
2 0.190625 0.36015625 0.0421875 0.0453125
4 0.27734375 0.37421875 0.05859375 0.134375
2 0.16953125 0.43671875 0.0578125 0.07890625
2 0.12109375 0.38515625 0.0375 0.075
2 0.215625 0.40078125 0.059375 0.071875