2 0.73984375 0.85390625 0.1234375 0.12421875
2 0.0734375 0.66171875 0.13046875 0.08359375
2 0.41640625 0.58125 0.1046875 0.0734375
2 0.62890625 0.71484375 0.08671875 0.09140625
2 0.62734375 0.54296875 0.08046875 0.05859375
2 0.1453125 0.30703125 0.03203125 0.05078125
2 0.91796875 0.4796875 0.08046875 0.0609375
2 0.7453125 0.4765625 0.1046875 0.0640625
2 0.18984375 0.359375 0.0453125 0.04765625
2 0.1984375 0.2078125 0.03125 0.0359375
2 0.11171875 0.16015625 0.025 0.03125
2 0.109375 0.24765625 0.0296875 0.040625