2 0.778125 0.88125 0.1328125 0.13125
2 0.6390625 0.73359375 0.1125 0.11484375
2 0.2921875 0.52890625 0.1 0.06328125
2 0.715625 0.47890625 0.09453125 0.06796875
2 0.0890625 0.6109375 0.11796875 0.08203125
2 0.24296875 0.6109375 0.1296875 0.08046875
2 0.90546875 0.44296875 0.06796875 0.05703125
2 0.821875 0.4359375 0.071875 0.05234375
2 0.6328125 0.46484375 0.08359375 0.06796875
2 0.1984375 0.20546875 0.03359375 0.03359375
2 0.24140625 0.41953125 0.03671875 0.06953125
4 0.1140625 0.15 0.04921875 0.07265625