2 0.13984375 0.284375 0.0375 0.053125
2 0.7453125 0.51640625 0.0890625 0.07421875
4 0.18828125 0.3375 0.0546875 0.09140625
2 0.671875 0.7625 0.1390625 0.1546875
2 0.2859375 0.41953125 0.05390625 0.05703125
2 0.2375 0.2921875 0.03515625 0.0421875
2 0.84609375 0.45078125 0.08828125 0.06796875
2 0.575 0.5046875 0.07109375 0.05859375
2 0.16171875 0.421875 0.04140625 0.07265625
2 0.196875 0.20703125 0.02890625 0.03046875
2 0.21796875 0.403125 0.04765625 0.0765625
2 0.5 0.546875 0.11015625 0.08203125
2 0.67421875 0.4828125 0.07734375 0.05390625