2 0.3109375 0.60234375 0.109375 0.08671875
2 0.67265625 0.7625 0.14296875 0.153125
2 0.28515625 0.41953125 0.05390625 0.05625
2 0.56953125 0.50546875 0.084375 0.059375
2 0.86640625 0.47421875 0.0859375 0.06640625
4 0.1859375 0.3359375 0.05859375 0.09375
2 0.1453125 0.2921875 0.03828125 0.05234375
2 0.1625 0.421875 0.04296875 0.0671875
2 0.16015625 0.2234375 0.02734375 0.03125
2 0.2765625 0.2640625 0.03671875 0.03359375
2 0.6625 0.48515625 0.07734375 0.053125
2 0.196875 0.2078125 0.02890625 0.03046875
2 0.21875 0.40234375 0.046875 0.075
2 0.79453125 0.45859375 0.0671875 0.07265625