2 0.34609375 0.3953125 0.0484375 0.053125
2 0.8921875 0.4390625 0.09296875 0.059375
2 0.28828125 0.61171875 0.09609375 0.08125
2 0.67265625 0.7625 0.13984375 0.153125
2 0.62890625 0.53515625 0.10859375 0.08515625
4 0.18671875 0.33515625 0.0578125 0.09375
2 0.7171875 0.4765625 0.06953125 0.0515625
2 0.28515625 0.42109375 0.05 0.053125
4 0.11484375 0.253125 0.03828125 0.04609375
2 0.196875 0.20703125 0.03046875 0.03125
2 0.16171875 0.42265625 0.0453125 0.0546875
2 0.27734375 0.2640625 0.0375 0.034375
2 0.22109375 0.40859375 0.046875 0.071875
2 0.58828125 0.496875 0.0578125 0.05390625