2 0.66796875 0.74296875 0.115625 0.11796875
2 0.77734375 0.92890625 0.090625 0.05390625
2 0.72109375 0.92109375 0.071875 0.065625
2 0.2 0.20546875 0.03203125 0.034375
2 0.09375 0.146875 0.01875 0.01953125
2 0.7171875 0.45546875 0.0796875 0.0515625
2 0.05 0.10390625 0.01640625 0.01640625
2 0.87890625 0.4421875 0.10546875 0.07734375
2 0.75703125 0.47265625 0.084375 0.0625
2 0.26640625 0.38671875 0.04453125 0.05234375
2 0.1484375 0.196875 0.025 0.03359375
2 0.66015625 0.9046875 0.0640625 0.0421875
2 0.04296875 0.70234375 0.08515625 0.09453125
2 0.81484375 0.43203125 0.0640625 0.0515625