2 0.05390625 0.58125 0.1078125 0.075
2 0.74453125 0.85625 0.12421875 0.12265625
2 0.628125 0.715625 0.08671875 0.09140625
2 0.30625 0.6 0.11640625 0.08984375
2 0.15 0.3125 0.03359375 0.0421875
2 0.7453125 0.47421875 0.10546875 0.06484375
2 0.11484375 0.26171875 0.03203125 0.03828125
2 0.196875 0.20703125 0.0328125 0.0328125
2 0.4296875 0.50546875 0.08203125 0.0578125
2 0.84140625 0.8515625 0.0421875 0.0515625
4 0.27109375 0.37265625 0.07109375 0.13359375
2 0.26015625 0.4015625 0.0015625 0.003125