2 0.89296875 0.4390625 0.09453125 0.0609375
2 0.2859375 0.4203125 0.05078125 0.05625
2 0.6796875 0.76796875 0.1375 0.14921875
4 0.1625 0.42265625 0.0453125 0.05625
2 0.65546875 0.49296875 0.0625 0.05078125
2 0.57890625 0.54921875 0.0859375 0.0671875
2 0.196875 0.20703125 0.03125 0.03203125
2 0.27734375 0.265625 0.0359375 0.0328125
2 0.071875 0.6484375 0.13046875 0.11328125
4 0.184375 0.32890625 0.06328125 0.0921875
2 0.23203125 0.56328125 0.109375 0.0875
2 0.21875 0.40625 0.046875 0.06953125
2 0.7546875 0.47578125 0.08359375 0.06484375