2 0.9171875 0.478125 0.08125 0.07109375
2 0.3046875 0.3625 0.0546875 0.06328125
2 0.709375 0.67265625 0.07890625 0.0953125
2 0.15625 0.4140625 0.04296875 0.05703125
2 0.47734375 0.66171875 0.06875 0.14765625
2 0.575 0.9171875 0.109375 0.165625
4 0.1515625 0.296875 0.06484375 0.08671875
2 0.190625 0.35546875 0.04296875 0.0609375
2 0.21328125 0.2734375 0.03125 0.0359375
2 0.23515625 0.409375 0.0375 0.06640625
2 0.653125 0.48515625 0.09140625 0.071875
2 0.18828125 0.19921875 0.028125 0.02734375
3 0.18046875 0.47109375 0.03828125 0.05390625