2 0.73984375 0.85234375 0.121875 0.12421875
2 0.6296875 0.7140625 0.0875 0.0921875
2 0.73515625 0.69609375 0.10546875 0.09453125
2 0.6734375 0.45546875 0.08046875 0.06328125
2 0.1578125 0.32265625 0.034375 0.0453125
2 0.13515625 0.2796875 0.0328125 0.04609375
2 0.19765625 0.20703125 0.0328125 0.0328125
2 0.18984375 0.36171875 0.0421875 0.040625
4 0.2828125 0.378125 0.05703125 0.11875
2 0.171875 0.43359375 0.05390625 0.075
2 0.2171875 0.40703125 0.04765625 0.0640625
2 0.12421875 0.38359375 0.05390625 0.06875