2 0.89296875 0.4390625 0.09453125 0.06171875
2 0.421875 0.575 0.1 0.08046875
2 0.28515625 0.4203125 0.053125 0.05625
2 0.16171875 0.42109375 0.04375 0.05859375
2 0.11640625 0.59453125 0.12578125 0.078125
2 0.196875 0.2078125 0.03203125 0.03203125
4 0.178125 0.321875 0.05703125 0.10234375
2 0.27734375 0.265625 0.03515625 0.03203125
2 0.69453125 0.78515625 0.1453125 0.16796875
2 0.2171875 0.40078125 0.04453125 0.0671875
2 0.65390625 0.4890625 0.08046875 0.05859375
2 0.08671875 0.5453125 0.103125 0.0625