2 0.74609375 0.70390625 0.109375 0.1015625
2 0.740625 0.8515625 0.12109375 0.125
2 0.63125 0.715625 0.0859375 0.08984375
2 0.925 0.48046875 0.075 0.05625
2 0.884375 0.41875 0.07421875 0.05859375
2 0.53984375 0.528125 0.1015625 0.08046875
2 0.04609375 0.11484375 0.034375 0.02421875
2 0.13671875 0.28046875 0.03046875 0.0453125
2 0.1609375 0.32734375 0.0390625 0.04609375
2 0.1984375 0.20703125 0.03125 0.0359375
2 0.1640625 0.42265625 0.05078125 0.0796875
2 0.2171875 0.40390625 0.0546875 0.07890625
4 0.2796875 0.371875 0.0578125 0.1359375
2 0.1890625 0.365625 0.04140625 0.04296875