2 0.07265625 0.56875 0.14453125 0.09453125
2 0.5703125 0.75 0.1171875 0.12890625
2 0.65078125 0.7265625 0.09921875 0.10859375
2 0.425 0.65390625 0.06953125 0.12421875
2 0.578125 0.51328125 0.08515625 0.07109375
2 0.24765625 0.3609375 0.0515625 0.0625
2 0.17578125 0.43515625 0.05390625 0.06171875
2 0.290625 0.4109375 0.04765625 0.06015625
2 0.165625 0.33125 0.04609375 0.05859375
2 0.19921875 0.2078125 0.03046875 0.03828125
2 0.5453125 0.48671875 0.0703125 0.04921875
2 0.2015625 0.37109375 0.05390625 0.06640625