2 0.89921875 0.43515625 0.08125 0.0515625
2 0.67265625 0.76171875 0.13671875 0.15390625
2 0.88359375 0.49140625 0.075 0.0578125
2 0.2859375 0.4203125 0.05 0.05625
2 0.3671875 0.4671875 0.03984375 0.06171875
2 0.3671875 0.5796875 0.1328125 0.103125
2 0.09453125 0.21875 0.02734375 0.04765625
2 0.1625 0.4265625 0.0421875 0.0453125
4 0.1875 0.3328125 0.05703125 0.09375
2 0.2765625 0.26484375 0.03671875 0.03359375
2 0.19609375 0.2078125 0.0296875 0.03046875
2 0.63203125 0.49140625 0.0640625 0.046875
2 0.2234375 0.40703125 0.04296875 0.0671875
2 0.734375 0.478125 0.0859375 0.04921875