2 0.740625 0.85234375 0.121875 0.125
2 0.63125 0.715625 0.08515625 0.08984375
2 0.74140625 0.6984375 0.1109375 0.10078125
2 0.49609375 0.55859375 0.09296875 0.0953125
2 0.81640625 0.4296875 0.07734375 0.05703125
2 0.1609375 0.3265625 0.0390625 0.046875
2 0.190625 0.36015625 0.04140625 0.0453125
2 0.19765625 0.20703125 0.0328125 0.0328125
2 0.13671875 0.28046875 0.03125 0.04609375
2 0.1375 0.29375 0.03125 0.0328125
2 0.1671875 0.42734375 0.05390625 0.071875
2 0.215625 0.403125 0.05234375 0.07421875