2 0.6421875 0.73515625 0.09453125 0.10078125
2 0.66953125 0.45546875 0.07578125 0.05859375
2 0.1375 0.28359375 0.03046875 0.0484375
2 0.4171875 0.490625 0.05859375 0.065625
2 0.159375 0.32421875 0.03359375 0.0484375
4 0.86875 0.44921875 0.06171875 0.053125
2 0.19609375 0.37890625 0.0328125 0.05625
2 0.25390625 0.5828125 0.06171875 0.1046875
2 0.2703125 0.4734375 0.07109375 0.08125
2 0.19765625 0.20390625 0.03046875 0.03671875
4 0.278125 0.36796875 0.0671875 0.13203125
2 0.13515625 0.4046875 0.0453125 0.075