2 0.11875 0.60390625 0.11484375 0.071875
2 0.6390625 0.7328125 0.11171875 0.1140625
2 0.76640625 0.86640625 0.12890625 0.125
2 0.29140625 0.61015625 0.1109375 0.07890625
2 0.678125 0.4859375 0.090625 0.06875
2 0.553125 0.47890625 0.08203125 0.0640625
2 0.1984375 0.20625 0.03359375 0.034375
4 0.06015625 0.09609375 0.040625 0.0578125
2 0.184375 0.33125 0.034375 0.0609375
2 0.24140625 0.41796875 0.0359375 0.0734375
2 0.14765625 0.54375 0.11484375 0.07421875
2 0.834375 0.4984375 0.08203125 0.07265625