2 0.5796875 0.75859375 0.12890625 0.1421875
2 0.64921875 0.725 0.103125 0.103125
2 0.3671875 0.5125 0.090625 0.06484375
2 0.0296875 0.66640625 0.059375 0.0765625
2 0.1765625 0.43515625 0.05234375 0.06171875
2 0.81640625 0.45625 0.11953125 0.065625
2 0.6078125 0.5375 0.11015625 0.07421875
2 0.1984375 0.2078125 0.03125 0.03671875
2 0.659375 0.48828125 0.09453125 0.05390625
2 0.28984375 0.4109375 0.04765625 0.06015625
2 0.046875 0.0953125 0.01796875 0.02109375
2 0.109375 0.25546875 0.0375 0.04375
2 0.628125 0.45703125 0.08359375 0.05234375