2 0.74453125 0.84921875 0.1328125 0.13359375
2 0.3765625 0.8203125 0.11796875 0.19296875
2 0.49296875 0.7609375 0.09453125 0.14375
2 0.4703125 0.55 0.06796875 0.0734375
2 0.3078125 0.515625 0.0640625 0.08125
2 0.89765625 0.44375 0.09140625 0.06796875
2 0.15625 0.31015625 0.03515625 0.05859375
2 0.190625 0.3609375 0.0421875 0.05
2 0.24609375 0.5859375 0.0578125 0.08203125
2 0.35234375 0.421875 0.05234375 0.05078125
2 0.775 0.46953125 0.07265625 0.07109375
2 0.1296875 0.27578125 0.0296875 0.04296875
2 0.18671875 0.19921875 0.02734375 0.0265625