2 0.78984375 0.88125 0.13671875 0.1375
2 0.409375 0.678125 0.078125 0.1
2 0.49140625 0.57109375 0.07578125 0.071875
2 0.16796875 0.33046875 0.040625 0.06171875
2 0.66875 0.45703125 0.08359375 0.06484375
2 0.7125 0.48046875 0.07421875 0.06015625
2 0.78984375 0.44765625 0.071875 0.0515625
2 0.1984375 0.20703125 0.03125 0.03671875
2 0.19375 0.246875 0.02890625 0.02890625
2 0.03046875 0.7296875 0.0609375 0.071875
4 0.30234375 0.40234375 0.084375 0.16328125
2 0.23046875 0.42890625 0.04296875 0.07421875