2 0.13984375 0.6453125 0.14375 0.1
2 0.89296875 0.4390625 0.09375 0.059375
2 0.28515625 0.41953125 0.05078125 0.05546875
2 0.36171875 0.42421875 0.04609375 0.06640625
2 0.67265625 0.7625 0.13984375 0.153125
2 0.61015625 0.4984375 0.0859375 0.06328125
2 0.515625 0.54609375 0.1203125 0.08671875
2 0.10234375 0.23828125 0.0390625 0.04921875
4 0.18671875 0.33515625 0.0578125 0.09609375
2 0.196875 0.20703125 0.03046875 0.03203125
2 0.99296875 0.4609375 0.01171875 0.05703125
2 0.1625 0.42421875 0.0453125 0.05703125
2 0.2765625 0.26328125 0.03671875 0.034375
2 0.2203125 0.4 0.05078125 0.07265625
2 0.7203125 0.47734375 0.084375 0.06171875