2 0.38203125 0.5890625 0.11328125 0.0859375
2 0.8875 0.44140625 0.0953125 0.06328125
2 0.67265625 0.7625 0.140625 0.153125
2 0.31953125 0.375 0.04765625 0.04921875
4 0.18671875 0.33515625 0.0578125 0.09375
2 0.58984375 0.50234375 0.0875 0.05859375
2 0.071875 0.64765625 0.1421875 0.0984375
2 0.28515625 0.42109375 0.0546875 0.05390625
2 0.11875 0.25859375 0.040625 0.05390625
2 0.16171875 0.421875 0.0453125 0.05703125
2 0.196875 0.2078125 0.03046875 0.03125
2 0.2765625 0.2640625 0.03671875 0.0328125
2 0.715625 0.5171875 0.10390625 0.071875
2 0.7015625 0.475 0.08203125 0.03515625
2 0.21875 0.396875 0.053125 0.0640625