2 0.41171875 0.77890625 0.14296875 0.15078125
2 0.64921875 0.72265625 0.10078125 0.0984375
2 0.603125 0.78671875 0.13203125 0.134375
2 0.71171875 0.48203125 0.08828125 0.06328125
2 0.07890625 0.12890625 0.0203125 0.025
2 0.62109375 0.475 0.078125 0.06328125
2 0.8640625 0.45390625 0.0953125 0.0859375
2 0.17109375 0.4265625 0.04609375 0.05859375
2 0.1984375 0.20703125 0.0328125 0.03359375
2 0.2234375 0.6109375 0.15078125 0.10625
2 0.28984375 0.41484375 0.05859375 0.07109375
2 0.78046875 0.44296875 0.0578125 0.06640625