2 0.32421875 0.59765625 0.103125 0.0859375
2 0.89296875 0.4390625 0.09453125 0.0625
2 0.2859375 0.4203125 0.05078125 0.05625
4 0.17109375 0.31953125 0.0578125 0.0890625
2 0.22109375 0.53046875 0.10078125 0.078125
2 0.72265625 0.81640625 0.15390625 0.171875
2 0.6625 0.490625 0.08359375 0.0640625
2 0.16171875 0.42109375 0.0421875 0.0578125
2 0.196875 0.20703125 0.03125 0.03203125
2 0.278125 0.26640625 0.034375 0.03125
2 0.053125 0.6078125 0.10625 0.0828125
2 0.76640625 0.46796875 0.08203125 0.05390625
2 0.215625 0.39765625 0.04609375 0.06171875