2 0.6390625 0.73359375 0.11171875 0.11328125
2 0.76640625 0.86640625 0.128125 0.125
2 0.6640625 0.53515625 0.084375 0.06640625
2 0.9109375 0.41171875 0.090625 0.0515625
2 0.3375 0.5140625 0.1046875 0.07265625
2 0.19921875 0.20625 0.0328125 0.034375
4 0.07421875 0.1109375 0.04140625 0.06171875
2 0.86875 0.45078125 0.06640625 0.05625
2 0.1203125 0.59296875 0.1171875 0.0671875
2 0.12109375 0.65078125 0.11953125 0.08125
2 0.171875 0.3171875 0.03125 0.05390625
2 0.23984375 0.41796875 0.03671875 0.0765625
2 0.684375 0.48125 0.0890625 0.06171875