2 0.3796875 0.58359375 0.10546875 0.0828125
2 0.89296875 0.4390625 0.09453125 0.06171875
2 0.28515625 0.4203125 0.0515625 0.05625
2 0.16640625 0.54140625 0.08515625 0.06640625
2 0.6671875 0.4890625 0.07265625 0.0546875
4 0.175 0.321875 0.0578125 0.09296875
2 0.16171875 0.4203125 0.04296875 0.06015625
2 0.0953125 0.59609375 0.10546875 0.08203125
2 0.196875 0.2078125 0.03203125 0.03203125
2 0.70625 0.8 0.15078125 0.16328125
2 0.215625 0.4046875 0.04765625 0.05703125
2 0.76328125 0.4671875 0.08203125 0.059375