2 0.3921875 0.5765625 0.07578125 0.084375
2 0.67265625 0.76328125 0.14296875 0.1546875
2 0.2859375 0.4203125 0.05390625 0.05625
2 0.58984375 0.49921875 0.08125 0.05859375
4 0.1796875 0.33125 0.07109375 0.103125
2 0.07109375 0.14453125 0.0203125 0.0234375
2 0.1625 0.421875 0.0421875 0.06796875
2 0.2765625 0.2640625 0.0359375 0.03515625
2 0.196875 0.2078125 0.0296875 0.03046875
4 0.84375 0.48359375 0.05859375 0.06796875
2 0.22109375 0.39921875 0.05234375 0.0625
2 0.7703125 0.46015625 0.06796875 0.0765625