2 0.13671875 0.2828125 0.04140625 0.05390625
2 0.96484375 0.46875 0.05703125 0.05546875
2 0.24921875 0.30390625 0.0390625 0.0453125
2 0.85703125 0.44921875 0.0875 0.0671875
2 0.446875 0.56171875 0.1078125 0.0875
2 0.67265625 0.7625 0.13984375 0.15390625
2 0.2859375 0.41953125 0.053125 0.05703125
4 0.1890625 0.33828125 0.0546875 0.09140625
2 0.69140625 0.528125 0.0796875 0.06640625
2 0.1625 0.421875 0.04296875 0.06875
2 0.5703125 0.50703125 0.084375 0.05859375
2 0.98359375 0.43984375 0.0265625 0.03125
2 0.22109375 0.4 0.04765625 0.059375
2 0.68203125 0.47890625 0.08828125 0.046875