2 0.67265625 0.7625 0.14296875 0.153125
2 0.56953125 0.50546875 0.08515625 0.06015625
2 0.28515625 0.41953125 0.0546875 0.05625
4 0.18671875 0.3359375 0.05859375 0.09375
2 0.14375 0.28984375 0.0359375 0.053125
2 0.16484375 0.415625 0.04296875 0.0734375
2 0.82734375 0.4875 0.08125 0.07109375
2 0.659375 0.484375 0.090625 0.05390625
2 0.16796875 0.228125 0.02890625 0.03203125
2 0.19765625 0.20703125 0.028125 0.03125
2 0.2765625 0.26328125 0.0375 0.03515625
2 0.2125 0.6203125 0.11484375 0.0828125
2 0.21875 0.4 0.04296875 0.075
2 0.80546875 0.4453125 0.10078125 0.059375