2 0.740625 0.8515625 0.12109375 0.12578125
2 0.74296875 0.70078125 0.10546875 0.1015625
2 0.9625 0.46875 0.06953125 0.05234375
2 0.63125 0.715625 0.0859375 0.08984375
2 0.521875 0.53828125 0.10234375 0.08984375
2 0.84375 0.42421875 0.10078125 0.06171875
2 0.13671875 0.28046875 0.03125 0.04609375
2 0.1609375 0.3265625 0.03984375 0.046875
2 0.190625 0.36015625 0.04140625 0.0453125
2 0.1984375 0.20703125 0.03125 0.0359375
2 0.21875 0.4015625 0.053125 0.0796875
2 0.16796875 0.4296875 0.05390625 0.0671875
4 0.28125 0.3734375 0.06875 0.128125