2 0.74140625 0.85234375 0.12109375 0.1234375
2 0.62890625 0.715625 0.0875 0.090625
2 0.29375 0.6125 0.09765625 0.071875
2 0.6421875 0.534375 0.09296875 0.06953125
2 0.1359375 0.2921875 0.0328125 0.03984375
2 0.03125 0.665625 0.0625 0.0796875
2 0.74453125 0.47578125 0.10234375 0.06171875
2 0.16484375 0.2109375 0.0296875 0.03671875
2 0.17890625 0.34609375 0.04609375 0.05390625
2 0.046875 0.12578125 0.01640625 0.01796875
2 0.0921875 0.22265625 0.0296875 0.04140625
4 0.253125 0.334375 0.1375 0.203125