2 0.7390625 0.8546875 0.12265625 0.12421875
2 0.6296875 0.7140625 0.0875 0.0921875
2 0.73515625 0.69609375 0.1046875 0.096875
2 0.67421875 0.45546875 0.07890625 0.0625
2 0.15859375 0.325 0.03515625 0.04453125
2 0.13515625 0.2796875 0.03203125 0.04609375
2 0.1984375 0.2078125 0.034375 0.03125
4 0.2765625 0.371875 0.06328125 0.1421875
2 0.21875 0.40546875 0.0453125 0.0671875
2 0.18515625 0.36171875 0.03359375 0.046875
2 0.1703125 0.4390625 0.0640625 0.09765625
2 0.1234375 0.3859375 0.03671875 0.05859375