2 0.95078125 0.43203125 0.0890625 0.06796875
2 0.68671875 0.453125 0.07109375 0.053125
2 0.47890625 0.56796875 0.09140625 0.07890625
2 0.18828125 0.35390625 0.04609375 0.0609375
2 0.16015625 0.428125 0.05078125 0.06953125
2 0.24140625 0.42109375 0.04375 0.06796875
2 0.65859375 0.49453125 0.0796875 0.05625
2 0.1203125 0.26328125 0.03515625 0.0484375
2 0.07421875 0.19765625 0.025 0.0375
2 0.8359375 0.46328125 0.03046875 0.046875
2 0.03359375 0.08828125 0.01640625 0.01953125
2 0.42109375 0.4890625 0.109375 0.08671875
2 0.18828125 0.20078125 0.02578125 0.025