2 0.73046875 0.70703125 0.10234375 0.10546875
2 0.93828125 0.43359375 0.09453125 0.0671875
2 0.58671875 0.54765625 0.09140625 0.07734375
2 0.1765625 0.33359375 0.04375 0.065625
2 0.23125 0.409375 0.04453125 0.0671875
2 0.2890625 0.5046875 0.11953125 0.09921875
4 0.0828125 0.2046875 0.04140625 0.0671875
2 0.1890625 0.20234375 0.028125 0.02578125
3 0.17109375 0.43515625 0.02421875 0.05078125
2 0.18828125 0.58046875 0.06640625 0.0765625
2 0.59609375 0.48828125 0.08203125 0.06484375
2 0.7859375 0.4640625 0.05625 0.06015625