2 0.065625 0.6640625 0.13046875 0.0875
2 0.31015625 0.52421875 0.09453125 0.071875
2 0.578125 0.75625 0.12890625 0.1390625
2 0.65 0.725 0.103125 0.103125
2 0.6671875 0.5296875 0.115625 0.071875
2 0.821875 0.4609375 0.08984375 0.05390625
2 0.1765625 0.43515625 0.05234375 0.0609375
2 0.28984375 0.4109375 0.04765625 0.059375
2 0.11953125 0.2703125 0.02890625 0.0265625
2 0.1984375 0.20859375 0.03125 0.0359375
2 0.59765625 0.47578125 0.08046875 0.0640625
2 0.04296875 0.0921875 0.0171875 0.0203125
2 0.75546875 0.44921875 0.06484375 0.0625
2 0.6578125 0.48125 0.096875 0.05390625