2 0.3515625 0.58828125 0.1046875 0.09140625
2 0.30859375 0.36875 0.04609375 0.053125
2 0.54609375 0.50703125 0.08046875 0.0734375
2 0.23515625 0.41640625 0.0484375 0.07109375
2 0.19296875 0.29921875 0.0421875 0.05703125
2 0.7203125 0.675 0.0875 0.09921875
2 0.7296875 0.8265625 0.14296875 0.16875
2 0.14453125 0.3984375 0.0515625 0.07421875
2 0.125 0.51953125 0.07890625 0.078125
2 0.71796875 0.4765625 0.11796875 0.07734375
2 0.91953125 0.96953125 0.15703125 0.0578125
2 0.18671875 0.19921875 0.028125 0.02578125
2 0.7796875 0.51328125 0.075 0.07578125