2 0.56484375 0.50703125 0.08203125 0.05703125
2 0.04296875 0.64921875 0.0859375 0.09375
2 0.6515625 0.53203125 0.090625 0.06953125
2 0.67265625 0.7625 0.14296875 0.1546875
2 0.2859375 0.41953125 0.0515625 0.05625
2 0.1453125 0.29140625 0.0375 0.0515625
4 0.1875 0.3359375 0.05703125 0.09453125
2 0.16171875 0.421875 0.04453125 0.06875
2 0.1203125 0.19140625 0.03046875 0.028125
2 0.196875 0.20859375 0.03046875 0.0296875
2 0.2765625 0.2640625 0.0359375 0.03359375
2 0.221875 0.40390625 0.04921875 0.07578125
2 0.66328125 0.4796875 0.0828125 0.04921875
2 0.79609375 0.45234375 0.1015625 0.05546875