2 0.64296875 0.5390625 0.09296875 0.07578125
2 0.13359375 0.2796875 0.04140625 0.053125
2 0.259375 0.31328125 0.03984375 0.04296875
2 0.94765625 0.46640625 0.09765625 0.06875
2 0.859375 0.44296875 0.0859375 0.06484375
2 0.67265625 0.7625 0.140625 0.1546875
4 0.18828125 0.3375 0.05546875 0.09375
2 0.2859375 0.4203125 0.05390625 0.05703125
2 0.39296875 0.5765625 0.11640625 0.09375
2 0.6875 0.48359375 0.07578125 0.053125
2 0.16328125 0.41875 0.04140625 0.07578125
2 0.196875 0.20703125 0.0296875 0.03125
2 0.56953125 0.503125 0.08125 0.05390625
2 0.2171875 0.403125 0.05390625 0.06875