2 0.7125 0.48125 0.075 0.06015625
2 0.66796875 0.45703125 0.084375 0.06484375
2 0.35078125 0.59453125 0.084375 0.10859375
2 0.14140625 0.30390625 0.0359375 0.046875
2 0.78984375 0.44765625 0.06953125 0.05078125
2 0.03125 0.73125 0.06171875 0.07578125
2 0.1984375 0.20703125 0.03125 0.0375
2 0.1015625 0.2359375 0.03203125 0.04375
2 0.08046875 0.1328125 0.0171875 0.0203125
2 0.11875 0.1765625 0.025 0.02109375
2 0.20234375 0.2625 0.0296875 0.02890625
4 0.38359375 0.446875 0.24375 0.28046875
2 0.2171875 0.4125 0.0546875 0.06875