2 0.73984375 0.85234375 0.12109375 0.12421875
2 0.6296875 0.7140625 0.08671875 0.09140625
2 0.73515625 0.6953125 0.10859375 0.096875
2 0.6703125 0.45625 0.08515625 0.06328125
2 0.1578125 0.32265625 0.03359375 0.04453125
2 0.13515625 0.2796875 0.03125 0.04609375
2 0.1984375 0.2078125 0.0328125 0.03046875
2 0.190625 0.36015625 0.04296875 0.0453125
4 0.275 0.3734375 0.05703125 0.1328125
2 0.2171875 0.403125 0.04453125 0.07265625
2 0.1703125 0.4328125 0.0546875 0.07734375
2 0.11875 0.38671875 0.03359375 0.084375