2 0.740625 0.85234375 0.121875 0.12421875
2 0.62890625 0.7171875 0.08515625 0.08828125
2 0.7078125 0.66328125 0.07578125 0.0921875
2 0.66796875 0.45703125 0.0796875 0.0625
2 0.1578125 0.32265625 0.03359375 0.04453125
2 0.1984375 0.20703125 0.03125 0.0359375
2 0.1359375 0.2796875 0.03203125 0.04765625
2 0.190625 0.36015625 0.040625 0.04453125
2 0.13671875 0.2953125 0.03125 0.03046875
2 0.1234375 0.384375 0.0453125 0.07109375
2 0.165625 0.4375 0.0578125 0.090625
2 0.21796875 0.403125 0.0546875 0.07109375
4 0.2765625 0.37265625 0.07421875 0.134375