2 0.58984375 0.7671875 0.1203125 0.14140625
2 0.59140625 0.92421875 0.1203125 0.06640625
2 0.65078125 0.72421875 0.10234375 0.10234375
2 0.43828125 0.56875 0.12734375 0.09375
2 0.05859375 0.10703125 0.01796875 0.021875
2 0.68671875 0.48671875 0.08671875 0.071875
2 0.7140625 0.4515625 0.06953125 0.0484375
2 0.50234375 0.49375 0.08359375 0.05625
2 0.85390625 0.44921875 0.078125 0.0734375
2 0.17734375 0.434375 0.0484375 0.059375
2 0.19765625 0.2078125 0.0328125 0.034375
2 0.28984375 0.41015625 0.046875 0.059375