2 0.89296875 0.43984375 0.09453125 0.06171875
2 0.2859375 0.4203125 0.0515625 0.05625
2 0.6765625 0.7671875 0.13671875 0.1484375
2 0.62890625 0.53359375 0.0875 0.08046875
2 0.16015625 0.41953125 0.0375 0.06015625
4 0.18515625 0.33359375 0.05859375 0.09375
2 0.26953125 0.55 0.09296875 0.0765625
2 0.2765625 0.26328125 0.0375 0.03515625
2 0.19609375 0.2078125 0.0296875 0.03046875
2 0.65078125 0.49296875 0.065625 0.05546875
2 0.1046875 0.6375 0.16640625 0.11875
2 0.2203125 0.4015625 0.04375 0.07109375
2 0.7484375 0.4734375 0.08203125 0.0546875