2 0.89296875 0.4390625 0.09375 0.06171875
2 0.01953125 0.62890625 0.03671875 0.0671875
2 0.2890625 0.41953125 0.05 0.05625
2 0.67265625 0.49140625 0.08046875 0.06328125
2 0.16171875 0.421875 0.0421875 0.05234375
2 0.196875 0.20703125 0.03046875 0.03203125
2 0.771875 0.865625 0.17265625 0.18671875
2 0.93125 0.7171875 0.0296875 0.05078125
2 0.31953125 0.51171875 0.09375 0.08828125
2 0.771875 0.46875 0.0796875 0.0671875
2 0.221875 0.615625 0.10859375 0.084375
2 0.21015625 0.39375 0.04921875 0.06640625
4 0.159375 0.30703125 0.05078125 0.08828125