2 0.43984375 0.72734375 0.08984375 0.128125
2 0.16953125 0.35078125 0.03515625 0.03984375
2 0.66796875 0.45703125 0.08515625 0.065625
2 0.4796875 0.54609375 0.0671875 0.08046875
2 0.7125 0.48125 0.075 0.0609375
2 0.1625 0.21953125 0.02109375 0.0265625
2 0.78984375 0.4484375 0.06953125 0.05078125
2 0.11796875 0.26953125 0.02734375 0.040625
2 0.21640625 0.31875 0.0328125 0.02890625
2 0.19765625 0.20859375 0.03125 0.03046875
4 0.34453125 0.4359375 0.12890625 0.2578125
2 0.2546875 0.4515625 0.05078125 0.08984375