2 0.8046875 0.8796875 0.16796875 0.146875
2 0.69921875 0.48203125 0.0796875 0.0609375
2 0.1046875 0.640625 0.13125 0.09140625
2 0.9359375 0.48203125 0.10078125 0.07265625
2 0.52578125 0.44453125 0.0796875 0.0625
2 0.8125 0.4515625 0.13984375 0.06796875
4 0.1296875 0.2640625 0.0890625 0.15078125
2 0.1984375 0.20859375 0.03203125 0.03515625
2 0.09140625 0.13828125 0.0203125 0.02578125
2 0.934375 0.43828125 0.090625 0.05390625
2 0.28125 0.3921875 0.07578125 0.11171875
2 0.89609375 0.41328125 0.0765625 0.03984375
2 0.63984375 0.45546875 0.0921875 0.06953125