2 0.72890625 0.90703125 0.15078125 0.103125
2 0.66328125 0.73984375 0.10703125 0.11171875
2 0.2703125 0.39296875 0.04375 0.0640625
2 0.1984375 0.2078125 0.03046875 0.0359375
2 0.1390625 0.1890625 0.025 0.03203125
2 0.715625 0.45546875 0.0765625 0.05078125
2 0.878125 0.44140625 0.1046875 0.08046875
2 0.04609375 0.09921875 0.0140625 0.0140625
2 0.08828125 0.13984375 0.01953125 0.02421875
2 0.75703125 0.46953125 0.0875 0.06640625
2 0.0546875 0.6953125 0.109375 0.1125
2 0.815625 0.4359375 0.0609375 0.053125