2 0.7171875 0.803125 0.14609375 0.1515625
2 0.2640625 0.6015625 0.10703125 0.075
2 0.83515625 0.45390625 0.096875 0.05859375
2 0.9421875 0.43828125 0.07578125 0.053125
2 0.68203125 0.48203125 0.08515625 0.0609375
2 0.596875 0.46640625 0.09765625 0.0625
2 0.4359375 0.428125 0.078125 0.05234375
2 0.74453125 0.45 0.0625 0.0515625
2 0.84140625 0.846875 0.04140625 0.04375
2 0.88671875 0.4171875 0.071875 0.04453125
2 0.1984375 0.2078125 0.03125 0.03515625
4 0.15625 0.29765625 0.08984375 0.1484375
2 0.2796875 0.39375 0.0578125 0.0921875
2 0.075 0.12109375 0.01953125 0.01875
2 0.95546875 0.4890625 0.0828125 0.0453125