2 0.9625 0.4265625 0.0734375 0.06171875
2 0.48203125 0.90859375 0.1078125 0.178125
2 0.721875 0.4703125 0.096875 0.07421875
4 0.1359375 0.26953125 0.0609375 0.09296875
2 0.19140625 0.3546875 0.04609375 0.06328125
2 0.5984375 0.509375 0.08359375 0.07734375
2 0.153125 0.40859375 0.04296875 0.05859375
2 0.90546875 0.88828125 0.15703125 0.14921875
2 0.68515625 0.5953125 0.05 0.07421875
2 0.234375 0.40859375 0.03828125 0.06640625
2 0.35859375 0.41875 0.04375 0.05546875
2 0.18984375 0.20234375 0.0296875 0.02578125
2 0.35703125 0.48984375 0.090625 0.14140625
3 0.17734375 0.44765625 0.02421875 0.06171875