2 0.89296875 0.440625 0.075 0.06484375
2 0.53984375 0.553125 0.07265625 0.07578125
2 0.3203125 0.38046875 0.0453125 0.05
2 0.81484375 0.79375 0.12265625 0.128125
2 0.38046875 0.471875 0.059375 0.08515625
2 0.709375 0.5640625 0.06875 0.08359375
2 0.15625 0.4125 0.04375 0.05703125
4 0.140625 0.27734375 0.065625 0.10390625
2 0.18984375 0.35625 0.0453125 0.05703125
2 0.234375 0.409375 0.03671875 0.065625
2 0.6671875 0.478125 0.0796875 0.06328125
2 0.1890625 0.20234375 0.0296875 0.0265625
3 0.175 0.4484375 0.02265625 0.05390625