2 0.4171875 0.68828125 0.103125 0.13984375
4 0.40859375 0.465625 0.28125 0.2859375
2 0.7125 0.48125 0.075 0.06015625
2 0.66796875 0.45703125 0.084375 0.06484375
2 0.15390625 0.31875 0.03984375 0.05
2 0.78984375 0.4484375 0.06875 0.05078125
2 0.0703125 0.125 0.01640625 0.015625
2 0.1984375 0.20703125 0.03125 0.03828125
2 0.10703125 0.1625 0.021875 0.025
2 0.10390625 0.24609375 0.040625 0.04765625
2 0.03125 0.73125 0.0625 0.075
2 0.24296875 0.4484375 0.05234375 0.09296875
2 0.24140625 0.35546875 0.0453125 0.05859375