2 0.75234375 0.7296875 0.103125 0.11015625
2 0.49921875 0.61171875 0.0625 0.0875
2 0.15546875 0.41328125 0.04375 0.0578125
2 0.28046875 0.346875 0.04140625 0.04609375
2 0.5859375 0.50703125 0.09453125 0.0921875
4 0.14921875 0.290625 0.05859375 0.08828125
2 0.75546875 0.521875 0.07421875 0.08125
2 0.190625 0.35625 0.0421875 0.05703125
2 0.37421875 0.4421875 0.053125 0.0796875
2 0.234375 0.4078125 0.0375 0.06796875
2 0.840625 0.45234375 0.046875 0.0640625
2 0.18828125 0.2 0.028125 0.02578125
3 0.1734375 0.45 0.03125 0.05078125