2 0.10625 0.5578125 0.1046875 0.08515625
2 0.56953125 0.74921875 0.11875 0.12890625
2 0.1765625 0.434375 0.05390625 0.06171875
2 0.16640625 0.32890625 0.04453125 0.06171875
2 0.65078125 0.72578125 0.1 0.109375
2 0.58828125 0.553125 0.09140625 0.0546875
1 0.2453125 0.58203125 0.178125 0.12890625
2 0.39453125 0.50859375 0.11953125 0.0609375
2 0.1984375 0.20859375 0.03125 0.03515625
2 0.7671875 0.4671875 0.1 0.06640625
2 0.28984375 0.4109375 0.046875 0.059375
2 0.61640625 0.490625 0.1046875 0.05546875
3 0.66953125 0.46171875 0.04140625 0.05859375