2 0.3578125 0.41328125 0.0484375 0.05546875
2 0.8921875 0.4390625 0.0921875 0.06015625
2 0.67265625 0.7625 0.140625 0.153125
2 0.56953125 0.5390625 0.11328125 0.08515625
2 0.28515625 0.4203125 0.05078125 0.05390625
2 0.7171875 0.47890625 0.0765625 0.05234375
2 0.10625 0.24453125 0.04140625 0.04609375
4 0.18671875 0.33515625 0.05859375 0.096875
2 0.62265625 0.49921875 0.0625 0.05703125
2 0.196875 0.20703125 0.03046875 0.03125
2 0.1625 0.42265625 0.046875 0.059375
2 0.2765625 0.2640625 0.03671875 0.034375
2 0.2015625 0.6203125 0.12421875 0.10078125
2 0.21953125 0.40546875 0.04921875 0.0640625