2 0.5703125 0.74921875 0.11796875 0.12890625
2 0.4703125 0.50078125 0.08515625 0.05703125
2 0.5234375 0.559375 0.09375 0.0640625
2 0.6515625 0.72578125 0.0984375 0.109375
2 0.1609375 0.31953125 0.04375 0.05703125
2 0.17734375 0.434375 0.05390625 0.0609375
2 0.6203125 0.49921875 0.096875 0.06796875
1 0.1578125 0.61328125 0.190625 0.14375
2 0.1984375 0.2078125 0.03203125 0.03203125
2 0.28984375 0.4109375 0.046875 0.059375
2 0.7640625 0.46640625 0.08984375 0.06328125
3 0.70703125 0.45703125 0.0390625 0.05234375
2 0.21953125 0.53203125 0.06328125 0.06953125