2 0.32421875 0.59921875 0.1203125 0.08671875
2 0.890625 0.4390625 0.0921875 0.05859375
2 0.3328125 0.38515625 0.046875 0.053125
2 0.67265625 0.7625 0.13984375 0.15390625
2 0.71640625 0.478125 0.065625 0.05078125
2 0.1171875 0.25703125 0.0375 0.046875
4 0.18671875 0.33515625 0.0578125 0.09296875
2 0.28515625 0.41953125 0.0515625 0.05703125
2 0.196875 0.20703125 0.03046875 0.03125
2 0.665625 0.51796875 0.10390625 0.08359375
2 0.16171875 0.42265625 0.046875 0.059375
2 0.2765625 0.26328125 0.0375 0.03515625
2 0.03671875 0.65625 0.0734375 0.07265625
2 0.0484375 0.10234375 0.01640625 0.02109375
2 0.2203125 0.403125 0.05390625 0.06953125
2 0.58984375 0.503125 0.0734375 0.0625