2 0.67265625 0.7625 0.14296875 0.153125
2 0.2859375 0.4203125 0.0515625 0.05625
2 0.55390625 0.5109375 0.08671875 0.05625
4 0.18671875 0.33515625 0.05859375 0.096875
2 0.109375 0.18359375 0.028125 0.03203125
2 0.19765625 0.20859375 0.0296875 0.0296875
2 0.159375 0.421875 0.04375 0.053125
2 0.1453125 0.29140625 0.0390625 0.05390625
2 0.21015625 0.61171875 0.14609375 0.109375
2 0.22578125 0.40234375 0.05390625 0.07265625
2 0.65703125 0.48984375 0.08515625 0.07265625
2 0.771875 0.50390625 0.084375 0.06015625
2 0.80234375 0.44921875 0.09921875 0.05234375