2 0.4734375 0.56171875 0.0921875 0.09765625
2 0.56015625 0.89453125 0.103125 0.15234375
2 0.64609375 0.73046875 0.0953125 0.0984375
2 0.159375 0.42890625 0.05390625 0.08515625
2 0.85 0.4546875 0.071875 0.05859375
2 0.7515625 0.8671875 0.1265625 0.13125
2 0.159375 0.31875 0.03671875 0.04765625
2 0.665625 0.48203125 0.07734375 0.06484375
2 0.09609375 0.225 0.02734375 0.0453125
2 0.98125 0.40390625 0.03671875 0.04921875
2 0.1890625 0.36484375 0.03828125 0.05390625
2 0.1890625 0.20234375 0.0296875 0.02578125