2 0.4953125 0.57890625 0.07734375 0.0796875
2 0.87421875 0.4484375 0.09375 0.065625
2 0.77421875 0.46875 0.07265625 0.0703125
2 0.1453125 0.30078125 0.0328125 0.0515625
2 0.225 0.2859375 0.03515625 0.03828125
2 0.1953125 0.36796875 0.0421875 0.06484375
2 0.2734375 0.48359375 0.05390625 0.06796875
2 0.2984375 0.3578125 0.04296875 0.04609375
2 0.18671875 0.20078125 0.02890625 0.02265625
2 0.64453125 0.94765625 0.1109375 0.1046875
2 0.1203125 0.25625 0.0296875 0.046875
2 0.3015625 0.675 0.06796875 0.12109375