2 0.4421875 0.575 0.10546875 0.08359375
2 0.8828125 0.44140625 0.09296875 0.06171875
2 0.3078125 0.36171875 0.0453125 0.04609375
2 0.67265625 0.76171875 0.13984375 0.153125
4 0.18671875 0.3359375 0.05703125 0.09296875
2 0.5828125 0.50234375 0.084375 0.0578125
2 0.1265625 0.265625 0.03828125 0.0484375
2 0.2859375 0.42109375 0.05390625 0.05546875
2 0.196875 0.20703125 0.03046875 0.03203125
2 0.16015625 0.41640625 0.040625 0.06484375
2 0.13203125 0.63203125 0.11640625 0.10859375
2 0.7015625 0.478125 0.06875 0.04375
2 0.2765625 0.26484375 0.0375 0.0328125
2 0.2203125 0.39765625 0.0484375 0.059375
2 0.76015625 0.50234375 0.0859375 0.07109375