2 0.73984375 0.85390625 0.12265625 0.12578125
2 0.74921875 0.7140625 0.1046875 0.096875
2 0.63125 0.715625 0.08515625 0.090625
2 0.92734375 0.40859375 0.0734375 0.05546875
2 0.56640625 0.51484375 0.1046875 0.07890625
2 0.86953125 0.48984375 0.08515625 0.05078125
2 0.13671875 0.28046875 0.03046875 0.04609375
2 0.1609375 0.32734375 0.03828125 0.04609375
2 0.190625 0.36015625 0.0421875 0.04453125
2 0.0578125 0.11640625 0.03984375 0.02734375
2 0.1984375 0.20703125 0.03125 0.03671875
2 0.16484375 0.41953125 0.05078125 0.07265625
2 0.221875 0.40703125 0.04296875 0.0640625
4 0.27890625 0.37109375 0.0578125 0.1359375