2 0.6890625 0.6421875 0.0765625 0.1015625
2 0.9703125 0.9546875 0.059375 0.0890625
2 0.65 0.4953125 0.0828125 0.06328125
2 0.15 0.4046875 0.0453125 0.06015625
4 0.12578125 0.25859375 0.059375 0.08828125
2 0.37890625 0.46796875 0.03671875 0.05859375
2 0.190625 0.35390625 0.046875 0.0640625
2 0.234375 0.409375 0.0375 0.06640625
2 0.43359375 0.73046875 0.071875 0.15703125
2 0.29609375 0.54375 0.11796875 0.109375
2 0.18984375 0.20234375 0.02890625 0.0265625
2 0.784375 0.4625 0.090625 0.06328125
3 0.17578125 0.4421875 0.021875 0.05703125