2 0.2671875 0.32421875 0.05 0.05859375
2 0.6921875 0.63671875 0.0671875 0.09375
2 0.15859375 0.41640625 0.04609375 0.05859375
2 0.9828125 0.4546875 0.03125 0.06328125
2 0.553125 0.51953125 0.0765625 0.084375
2 0.190625 0.35546875 0.04453125 0.0578125
2 0.234375 0.40859375 0.0375 0.06875
4 0.153125 0.29765625 0.065625 0.0859375
2 0.53984375 0.846875 0.12421875 0.221875
2 0.18515625 0.24453125 0.02890625 0.03203125
2 0.18828125 0.19921875 0.028125 0.02734375
3 0.13203125 0.51953125 0.0421875 0.07890625