2 0.4828125 0.565625 0.103125 0.08046875
2 0.96171875 0.40703125 0.0734375 0.06015625
2 0.76640625 0.86640625 0.1296875 0.125
2 0.6390625 0.73359375 0.1125 0.115625
2 0.11640625 0.603125 0.11328125 0.07421875
2 0.8859375 0.4484375 0.0640625 0.05546875
2 0.70078125 0.48515625 0.08828125 0.0625
2 0.4890625 0.49296875 0.08125 0.0484375
2 0.19921875 0.20546875 0.0328125 0.03515625
2 0.7390625 0.44765625 0.0796875 0.0515625
2 0.16015625 0.30859375 0.03125 0.04453125
4 0.08828125 0.12578125 0.04609375 0.06640625
2 0.24140625 0.4140625 0.03671875 0.07109375