2 0.89296875 0.43984375 0.0953125 0.0625
2 0.2859375 0.41953125 0.05078125 0.05546875
2 0.671875 0.76171875 0.1359375 0.15390625
2 0.29140625 0.596875 0.09765625 0.0921875
2 0.1625 0.415625 0.04140625 0.06640625
2 0.19609375 0.2078125 0.0296875 0.03046875
2 0.2765625 0.2640625 0.03671875 0.034375
4 0.1875 0.3328125 0.05625 0.09296875
2 0.74140625 0.47421875 0.0875 0.05234375
2 0.63359375 0.4953125 0.08359375 0.06328125
2 0.2203125 0.40390625 0.04765625 0.071875
2 0.3390625 0.50234375 0.0765625 0.07265625
2 0.784375 0.503125 0.0828125 0.05859375