2 0.6390625 0.7328125 0.1125 0.11484375
2 0.11796875 0.603125 0.11484375 0.0765625
2 0.76640625 0.86640625 0.1296875 0.125
2 0.953125 0.4078125 0.0859375 0.05859375
2 0.53984375 0.5515625 0.10234375 0.07890625
2 0.44609375 0.48984375 0.0953125 0.078125
2 0.16328125 0.31015625 0.03359375 0.04453125
2 0.19921875 0.20546875 0.0328125 0.03515625
2 0.87890625 0.44921875 0.065625 0.0546875
4 0.08359375 0.12109375 0.04453125 0.059375
2 0.6921875 0.48671875 0.10234375 0.06171875
2 0.03671875 0.66640625 0.07265625 0.08828125
2 0.2421875 0.41171875 0.0359375 0.075