2 0.740625 0.8515625 0.12109375 0.125
2 0.63125 0.715625 0.084375 0.090625
2 0.73984375 0.6984375 0.109375 0.10078125
2 0.46953125 0.596875 0.0765625 0.1046875
2 0.7640625 0.43984375 0.08203125 0.05703125
2 0.1609375 0.3265625 0.03828125 0.046875
2 0.19765625 0.20625 0.03359375 0.03359375
2 0.13671875 0.28046875 0.03125 0.04609375
2 0.1375 0.29296875 0.03125 0.0328125
2 0.21875 0.403125 0.05234375 0.07734375
2 0.1890625 0.35625 0.03046875 0.059375
2 0.16953125 0.440625 0.05078125 0.08203125
4 0.2796875 0.3671875 0.06640625 0.134375
2 0.11640625 0.37890625 0.034375 0.06640625