2 0.67265625 0.7625 0.14296875 0.153125
2 0.56953125 0.50546875 0.084375 0.06015625
2 0.28515625 0.41953125 0.0546875 0.05625
2 0.98984375 0.46015625 0.0203125 0.06328125
2 0.14453125 0.29140625 0.0375 0.05390625
4 0.18671875 0.3359375 0.05859375 0.09375
2 0.10859375 0.64765625 0.12109375 0.09375
2 0.1625 0.4203125 0.0421875 0.07109375
2 0.66171875 0.48515625 0.08828125 0.05546875
2 0.196875 0.20859375 0.02890625 0.03046875
2 0.21875 0.40390625 0.04140625 0.07421875
2 0.7828125 0.5015625 0.09375 0.06484375
2 0.8109375 0.45 0.0921875 0.0515625