2 0.35859375 0.59375 0.103125 0.07265625
2 0.11796875 0.60390625 0.11484375 0.07421875
2 0.6390625 0.73359375 0.11171875 0.11484375
2 0.7671875 0.86640625 0.12890625 0.125
2 0.675 0.4875 0.09296875 0.065625
2 0.503125 0.48828125 0.084375 0.0546875
2 0.06015625 0.56640625 0.11796875 0.08984375
2 0.8890625 0.4890625 0.08828125 0.0546875
2 0.19921875 0.20625 0.03359375 0.034375
2 0.18671875 0.34453125 0.03671875 0.04921875
2 0.1046875 0.28828125 0.02734375 0.03828125
2 0.803125 0.41953125 0.0859375 0.06640625
2 0.2390625 0.4140625 0.04609375 0.078125