2 0.3375 0.58203125 0.06796875 0.09375
2 0.57265625 0.64453125 0.0859375 0.090625
2 0.66796875 0.45703125 0.08515625 0.065625
2 0.7125 0.48125 0.075 0.06015625
2 0.78984375 0.4484375 0.0703125 0.05078125
2 0.15 0.31171875 0.0390625 0.05625
2 0.1984375 0.20703125 0.03203125 0.03671875
2 0.20703125 0.31875 0.03515625 0.0546875
2 0.13203125 0.1875 0.0203125 0.0234375
2 0.10390625 0.25703125 0.0421875 0.03984375
2 0.19921875 0.25625 0.02890625 0.028125
4 0.325 0.43125 0.11015625 0.1875
2 0.21171875 0.4 0.04765625 0.08828125