2 0.6390625 0.73359375 0.11171875 0.1140625
2 0.9671875 0.471875 0.0625 0.053125
2 0.76640625 0.86640625 0.12890625 0.12578125
2 0.33984375 0.50546875 0.11640625 0.0875
2 0.11953125 0.60234375 0.1140625 0.07421875
2 0.0421875 0.653125 0.084375 0.09140625
2 0.73515625 0.45078125 0.0921875 0.0625
2 0.1984375 0.20546875 0.03359375 0.0359375
2 0.66015625 0.4890625 0.09140625 0.06953125
2 0.1609375 0.40546875 0.05078125 0.075
2 0.79765625 0.4625 0.075 0.05390625
2 0.23671875 0.421875 0.0375 0.06484375