2 0.89296875 0.43984375 0.09453125 0.0625
2 0.2859375 0.4203125 0.05078125 0.05625
2 0.675 0.7640625 0.13828125 0.153125
2 0.68828125 0.52421875 0.075 0.0625
2 0.16015625 0.41796875 0.03828125 0.0625
2 0.2765625 0.26328125 0.03671875 0.03515625
2 0.19609375 0.2078125 0.03046875 0.03046875
4 0.1859375 0.3328125 0.0609375 0.09453125
2 0.6421875 0.4921875 0.0859375 0.0578125
2 0.2203125 0.40234375 0.046875 0.07109375
2 0.29921875 0.53203125 0.096875 0.08046875
2 0.15859375 0.6265625 0.14765625 0.1
2 0.74375 0.47109375 0.07734375 0.053125