2 0.6625 0.76171875 0.115625 0.11484375
2 0.4625 0.75 0.109375 0.153125
2 0.18984375 0.3703125 0.04296875 0.05625
2 0.66796875 0.4578125 0.08515625 0.06328125
2 0.28671875 0.5046875 0.05390625 0.0765625
2 0.0296875 0.7296875 0.059375 0.075
4 0.28046875 0.37890625 0.08125 0.14296875
2 0.146875 0.30703125 0.0375 0.03984375
2 0.72734375 0.47890625 0.0765625 0.06015625
2 0.39921875 0.4609375 0.05546875 0.05234375
2 0.1984375 0.20703125 0.03125 0.0375
2 0.11328125 0.25546875 0.0296875 0.0265625
2 0.1140625 0.50625 0.07578125 0.103125