2 0.796875 0.890625 0.1359375 0.12265625
2 0.63984375 0.73359375 0.11171875 0.1171875
2 0.91328125 0.44453125 0.06640625 0.0578125
2 0.1296875 0.640625 0.11640625 0.096875
2 0.40703125 0.51015625 0.08515625 0.0578125
2 0.84296875 0.4328125 0.07890625 0.0578125
4 0.128125 0.1609375 0.05234375 0.08359375
2 0.06953125 0.61328125 0.1078125 0.0859375
2 0.2 0.20625 0.034375 0.034375
2 0.7265625 0.4765625 0.090625 0.06328125
2 0.2421875 0.4328125 0.0359375 0.03515625
2 0.13359375 0.2734375 0.02734375 0.025
2 0.69296875 0.4546875 0.1046875 0.0625