2 0.4734375 0.54140625 0.090625 0.06953125
2 0.5375 0.8546875 0.1109375 0.16484375
2 0.16953125 0.31953125 0.04921875 0.0625
4 0.2546875 0.425 0.07109375 0.1265625
2 0.69921875 0.4578125 0.08203125 0.053125
2 0.978125 0.42734375 0.04296875 0.0609375
2 0.34609375 0.403125 0.05859375 0.06796875
2 0.81953125 0.440625 0.0671875 0.05
2 0.125 0.26875 0.0328125 0.04296875
2 0.18125 0.45234375 0.053125 0.059375
2 0.2765625 0.26484375 0.0390625 0.0328125
2 0.196875 0.2078125 0.03046875 0.03046875
2 0.93125 0.7171875 0.03046875 0.05078125
2 0.23046875 0.52890625 0.06484375 0.07890625