2 0.73984375 0.8546875 0.1234375 0.12578125
2 0.7375 0.69765625 0.10703125 0.09921875
2 0.6296875 0.71484375 0.0875 0.090625
2 0.48046875 0.78828125 0.084375 0.1703125
2 0.6625 0.45546875 0.125 0.0671875
2 0.15859375 0.32578125 0.03515625 0.0453125
2 0.1984375 0.2078125 0.03359375 0.03203125
2 0.1359375 0.2796875 0.03125 0.04609375
2 0.16796875 0.43359375 0.0609375 0.07890625
2 0.21640625 0.4046875 0.05078125 0.07734375
2 0.1859375 0.36171875 0.0390625 0.04609375
2 0.12421875 0.38359375 0.04375 0.07890625
4 0.27578125 0.3703125 0.06796875 0.13671875