2 0.65 0.72578125 0.1 0.10859375
2 0.56875 0.74921875 0.1203125 0.1296875
2 0.17734375 0.434375 0.053125 0.0609375
2 0.67890625 0.53046875 0.0859375 0.05546875
2 0.615625 0.50234375 0.09375 0.071875
2 0.1984375 0.20859375 0.03046875 0.03515625
2 0.1734375 0.33984375 0.0484375 0.065625
2 0.97734375 0.409375 0.0453125 0.0515625
1 0.35625 0.56875 0.17734375 0.153125
2 0.76484375 0.465625 0.08515625 0.09140625
3 0.57890625 0.4671875 0.04140625 0.05390625
2 0.29609375 0.4078125 0.06953125 0.06015625
2 0.26953125 0.5328125 0.05078125 0.04453125